3 0.08981481481481482 0.15833333333333333 0.08333333333333333 0.1597222222222222 0.07592592592592592 0.1986111111111111 0.07407407407407407 0.4125 0.07407407407407407 0.7319444444444444 0.08518518518518518 0.7402777777777778 0.13425925925925927 0.725 0.18518518518518517 0.6847222222222222 0.18703703703703703 0.25416666666666665 0.08981481481481482 0.15833333333333333
3 0.2518518518518518 0.6486111111111111 0.2611111111111111 0.6513888888888889 0.29074074074074074 0.6319444444444444 0.29074074074074074 0.3597222222222222 0.25462962962962965 0.3277777777777778 0.2518518518518518 0.6486111111111111
3 0.32592592592592595 0.6180555555555556 0.3314814814814815 0.6180555555555556 0.3425925925925926 0.6097222222222223 0.3425925925925926 0.4013888888888889 0.32685185185185184 0.3888888888888889 0.32592592592592595 0.6180555555555556
3 0.37222222222222223 0.5986111111111111 0.37407407407407406 0.4263888888888889 0.36574074074074076 0.4166666666666667 0.3611111111111111 0.5958333333333333 0.37222222222222223 0.5986111111111111
3 0.39444444444444443 0.5902777777777778 0.39814814814814814 0.44583333333333336 0.38981481481481484 0.4361111111111111 0.3851851851851852 0.5847222222222223 0.39444444444444443 0.5902777777777778
3 0.6037037037037037 0.2152777777777778 0.6148148148148148 0.21805555555555556 0.6351851851851852 0.20416666666666666 0.649074074074074 0.15555555555555556 0.5981481481481481 0.1736111111111111 0.6037037037037037 0.2152777777777778
3 0.5314814814814814 0.2152777777777778 0.5333333333333333 0.24305555555555555 0.5972222222222222 0.2222222222222222 0.5944444444444444 0.1763888888888889 0.5435185185185185 0.18611111111111112 0.5314814814814814 0.2152777777777778
3 0.8462962962962963 0.2013888888888889 0.9444444444444444 0.23194444444444445 0.9462962962962963 0.15694444444444444 0.9268518518518518 0.14722222222222223 0.9064814814814814 0.14166666666666666 0.8462962962962963 0.2013888888888889
1 0.8351851851851851 0.6708333333333333 0.8759259259259259 0.6847222222222222 0.8685185185185185 0.4597222222222222 0.8435185185185186 0.46111111111111114 0.8351851851851851 0.4652777777777778 0.8351851851851851 0.6708333333333333
2 0 0.9958333333333333 0.12037037037037036 0.9986111111111111 0.3907407407407407 0.6625 0.3907407407407407 0.5986111111111111 0.3814814814814815 0.5819444444444445 0.38055555555555554 0.5583333333333333 0.37222222222222223 0.6041666666666666 0.3592592592592593 0.5986111111111111 0.3592592592592593 0.43472222222222223 0.36574074074074076 0.40555555555555556 0.3824074074074074 0.4361111111111111 0.39814814814814814 0.4263888888888889 0.39814814814814814 0.40694444444444444 0.35555555555555557 0.3541666666666667 0.3537037037037037 0.29583333333333334 0.34444444444444444 0.2847222222222222 0.34814814814814815 0.24027777777777778 0.3388888888888889 0.16527777777777777 0.2675925925925926 0 0 0.001388888888888889 0 0.9958333333333333
2 1 0.001388888888888889 0.9879629629629629 0 0.9481481481481482 0.04583333333333333 0.9462962962962963 0.3958333333333333 0.9416666666666667 0.40555555555555556 0.8972222222222223 0.41388888888888886 0.8907407407407407 0.4263888888888889 0.8907407407407407 0.6847222222222222 0.899074074074074 0.7 1 0.7375 1 0.001388888888888889
2 0.7861111111111111 0.43333333333333335 0.7537037037037037 0.4736111111111111 0.7537037037037037 0.6625 0.7666666666666667 0.6736111111111112 0.8277777777777777 0.6652777777777777 0.825925925925926 0.44305555555555554 0.8138888888888889 0.4222222222222222 0.7861111111111111 0.43333333333333335