3 0.892604000925926 0.8393625777777778 0.9295846314814815 0.5247712124999999 0.9525218564814814 0.31364942083333336 0.9497289740740741 0.27342191666666665 0.9435067462962964 0.27036588194444444 0.8366673592592592 0.3394196 0.7886476185185185 0.7639164055555555 0.8341370907407407 0.816847063888889 0.8806969805555556 0.8446751736111111 0.892604000925926 0.8393625777777778
3 0.727174187962963 0.7109890847222222 0.7615800268518519 0.3943063972222222 0.7223194611111111 0.4163595902777778 0.6908055324074074 0.6844461458333333 0.7177340268518518 0.7113128819444444 0.727174187962963 0.7109890847222222
3 0.6577627425925926 0.6616034944444444 0.6833804666666666 0.43567720694444445 0.6664317953703705 0.44388727777777776 0.6423139925925926 0.6490555597222222 0.6522915888888889 0.6601564263888889 0.6577627425925926 0.6616034944444444
3 0.6256846657407407 0.6305541138888889 0.6418666805555555 0.4529035013888889 0.6325344518518519 0.46030741805555553 0.6144207861111111 0.6303955541666666 0.6256846657407407 0.6305541138888889
3 0.6032626138888889 0.6133411763888889 0.615907350925926 0.4657819125 0.6065751222222222 0.4731858291666667 0.5935008814814815 0.61640055 0.6032626138888889 0.6133411763888889
3 0.4308327851851852 0.19259140972222225 0.4411275 0.15300482083333333 0.39306546296296296 0.12195877916666667 0.4011158611111111 0.1734490486111111 0.4195689064814815 0.19243285 0.4308327851851852 0.19259140972222225
3 0.5019577898148149 0.21140329583333334 0.49348011481481485 0.17954442083333333 0.44445336574074074 0.15670510972222224 0.43641187129629627 0.2011185986111111 0.49691836481481483 0.23827670972222223 0.5019577898148149 0.21140329583333334
3 0.19353357314814815 0.11572488194444445 0.14117650555555555 0.041233402777777775 0.12047246574074075 0.04139864027777777 0.1001979287037037 0.04590842083333333 0.09333923796296296 0.12025135833333334 0.19353357314814815 0.11572488194444445
1 0.15013043333333334 0.5809315458333333 0.1739266648148148 0.37849884166666664 0.1662022898148148 0.3722248736111111 0.14174288055555556 0.36434527777777775 0.10840078240740741 0.5839975986111111 0.15013043333333334 0.5809315458333333
2 1 0.1256738236111111 0.7867593425925926 0.06813180833333334 0.6974127407407408 0.21232793611111112 0.6796117416666667 0.2837767375 0.6781140462962962 0.32851068333333333 0.6677091731481481 0.33704121111111107 0.6591324703703704 0.394005975 0.6110771120370371 0.43488774999999996 0.6088261166666666 0.4540367902777778 0.6232022231481481 0.4677113361111111 0.643152962962963 0.4419611930555556 0.6461594842592593 0.47237299861111115 0.627186812962963 0.6337720458333334 0.6137776453703704 0.6358667083333334 0.6108768305555555 0.5885590847222222 0.6072316203703704 0.6115703111111112 0.5961836055555555 0.6255719930555556 0.5887874796296296 0.6884902666666667 0.7652137916666666 1 0.9489376453703703 1 1 0.5656164958333333 1 0.1256738236111111
2 0.05106235462962963 0 0 0.43438350277777776 0 0.6016143875 0.08383566759259259 0.5930138222222222 0.09381103796296296 0.58013875 0.12371711296296298 0.3257300805555555 0.11878116759259259 0.3117317375 0.0759766462962963 0.2919484611111111 0.07254284814814815 0.2811680513888889 0.10406275277777777 0 0.05106235462962963 0
2 0.23133873981481481 0.5939484805555555 0.2532055472222222 0.4079292388888889 0.22595325648148148 0.35982214027777776 0.19988376851851852 0.34164449166666666 0.18561782037037036 0.3590260055555555 0.1580684462962963 0.5773898166666667 0.21728643055555555 0.6015142972222222 0.23133873981481481 0.5939484805555555