3 0.6645108879629629 0.8175869277777779 0.6680445074074074 0.8125256180555556 0.6721525268518518 0.7740686777777778 0.6743641898148148 0.7688995722222223 0.6754178074074074 0.7495661694444444 0.6809202416666666 0.7231378833333333 0.6856650277777778 0.7128333888888889 0.6864045712962964 0.7042692180555556 0.7029861398148147 0.3430553625 0.7018618111111111 0.34077675416666664 0.6943432138888889 0.33985594722222223 0.6870157527777778 0.33483508055555555 0.6666459462962963 0.3315245986111111 0.6539401833333334 0.32601494444444445 0.6400200037037037 0.32338404444444446 0.6220415305555556 0.31512054166666664 0.6092020861111112 0.3124785388888889 0.6018189611111111 0.3086517 0.5889790907407407 0.30601879861111114 0.5805226685185185 0.3020435541666667 0.5591203027777778 0.2977107402777778 0.5439222851851852 0.29931895694444444 0.5366463092592593 0.2931936888888889 0.5343443861111111 0.2951204013888889 0.5335194777777779 0.30691626805555555 0.5327621805555556 0.3500455388888889 0.5138713722222222 0.7272204416666667 0.5129180490740741 0.7552061055555555 0.5142046175925926 0.7704641 0.5110402111111111 0.7960574041666667 0.5136751287037037 0.8319809611111111 0.5373377324074075 0.8344838972222222 0.564504262962963 0.8310283125 0.5914869592592593 0.8315161833333333 0.5980845898148148 0.8290208666666667 0.6026305861111112 0.8241916958333333 0.6081043268518518 0.8226332347222223 0.6266252370370371 0.8192608680555556 0.6645108879629629 0.8175869277777779
3 0.17511141759259258 0.49604381666666664 0.17091820925925927 0.5172914347222223 0.16250328796296296 0.5260476569444444 0.16672499999999998 0.5385390541666666 0.16001542129629628 0.5450644319444444 0.15867395092592593 0.5738403194444445 0.17757300555555555 0.5806420763888889 0.2687408824074074 0.5829755472222222 0.28391793796296294 0.36046387361111115 0.27192353703703703 0.30860174027777776 0.23131533148148148 0.26940145416666667 0.18910043425925924 0.2818415361111111 0.16496042500000002 0.3359378138888889 0.16121659907407407 0.4849475208333333 0.17511141759259258 0.49604381666666664
3 0.4549629814814815 0.6073278555555556 0.4658898212962963 0.33858577083333335 0.4582990675925926 0.3124875555555556 0.4034058944444444 0.33926096666666666 0.3912208694444444 0.6006419319444445 0.4074501222222222 0.6131879444444445 0.4496233768518519 0.6188163638888888 0.4549629814814815 0.6073278555555556
3 0.8262300537037036 0.4751802972222222 0.8308989222222223 0.4780797319444444 0.8253357398148149 0.4943642208333333 0.8297810305555555 0.5020596361111112 0.819998361111111 0.6432067805555556 0.836115825 0.6581507833333333 0.8586491416666667 0.655694875 0.9559260092592593 0.6815614222222222 0.9695271027777779 0.6817831861111111 0.9740140361111113 0.6714100986111111 0.9860302638888889 0.34494909444444444 0.9389645629629629 0.34121721944444444 0.9337367472222222 0.3503077375 0.8322250287037037 0.3637573125 0.8248315759259259 0.4364781527777778 0.8262300537037036 0.4751802972222222
2 0.07092584814814815 0 0.06495452222222223 0.11098344166666667 0.03445344166666667 0.11260360833333333 0.03699831574074074 0.1610648625 0.01972576759259259 0.46287736944444446 0.024911939814814814 0.4718553541666667 0.13082730648148147 0.48416969861111114 0.1436875175925926 0.48310889166666665 0.14111414074074072 0.40090862361111107 0.16126470462962963 0.003009347222222222 0.08245973055555555 0 0.07092584814814815 0
2 0.1624155509259259 0.28747656111111114 0.18384411481481483 0.2571930402777778 0.21820303796296295 0.241519225 0.25600114814814817 0.2551227416666667 0.28545448425925923 0.29315299305555553 0.2988188601851852 0.34997825416666667 0.28685741296296297 0.6065632388888889 0.2777016101851852 0.6140368916666666 0.14339601851851852 0.6095884125000001 0.13329112037037036 0.7061220097222223 0.1404763601851852 0.7237436847222223 0.13446602037037036 0.7496201347222222 0.14550910092592595 0.7531881625 0.3686897777777778 0.7404518916666667 0.38965136944444445 0.35950569583333336 0.39642664259259264 0.09394272777777778 0.17017065 0.1039467125 0.1561224 0.11331691111111111 0.14157666203703703 0.4768631944444444 0.15299452685185186 0.3178146972222222 0.1624155509259259 0.28747656111111114
2 0.8047553953703703 0.24882421805555555 0.7659643212962962 0.20499509861111112 0.7098546055555556 0.20633888611111112 0.6963367981481481 0.16998011666666665 0.6968255972222223 0.14231965277777778 0.6235506722222222 0.16836985416666667 0.6210343018518518 0.1536476152777778 0.6735930407407408 0.12542448750000001 0.6768217888888889 0.10769028055555556 0.5924599148148149 0.010886906944444445 0.5128940638888888 0.0001315125 0.4982211731481481 0.2805292527777778 0.5058250657407407 0.25481994999999996 0.5218723833333333 0.2540934402777778 0.7444393314814814 0.32322314305555555 0.7512190574074075 0.332368275 0.7503247435185185 0.3515522 0.7372409537037037 0.3574089861111111 0.7180132074074074 0.7698633527777777 0.7183770787037037 0.7964083972222222 0.7262330527777777 0.7996421277777779 0.7512125953703704 0.7962379472222223 0.7550704361111111 0.7821842999999999 0.7883114666666667 0.7904903916666667 0.7946155305555556 0.7754884722222223 0.8113839138888889 0.4157898958333333 0.8101805111111111 0.33855275555555553 0.8014017185185186 0.3207639333333333 0.8047553953703703 0.24882421805555555
2 0.47850200370370366 0 0.4746071555555556 0.014188459722222222 0.47963989537037033 0.04363293888888889 0.4705849685185185 0.23787017083333334 0.40523616481481484 0.2828246152777778 0.3998264138888889 0.2786426111111111 0.40843418333333337 0.09399734305555556 0.4028008546296296 0.09461131944444444 0.39074075740740744 0.3017867763888889 0.39900224629629627 0.3134970486111111 0.4647565648148148 0.27701914305555553 0.4717598675925926 0.28136829583333334 0.4554386416666667 0.6314749097222223 0.44891099907407406 0.6512728097222222 0.3782072259259259 0.6221692305555555 0.3685779888888889 0.7428498805555555 0.4733623240740741 0.8309516472222221 0.508854287962963 0.0009126375 0.5025963675925926 0 0.47850200370370366 0
0 0.1606101361111111 0 0.15712850277777776 0.09173499722222223 0.16060933333333333 0.10294382361111111 0.16783621574074076 0.10249699583333334 0.3934631157407407 0.08881245 0.46968638333333335 0 0.1606101361111111 0
0 0.7108869861111111 0.0811419361111111 0.6482211240740741 0.06854460972222222 0.6940155018518519 0.11672288194444444 0.7177368583333333 0.10595758055555556 0.7208538175925926 0.09062136527777778 0.7108869861111111 0.0811419361111111
0 0.7316864583333333 0.047177854166666665 0.7529615907407408 0.03736082777777778 0.7558549712962963 0.026820593055555557 0.5949061388888889 0.009938634722222221 0.6366607398148149 0.05889803055555556 0.6754649537037037 0.05091963333333333 0.7202663675925927 0.06887230277777777 0.7316864583333333 0.047177854166666665
0 0.8019430740740741 0.08587339583333334 0.9114094175925926 0.12506707916666668 0.9055108675925926 0.14854554166666667 0.8947615111111111 0.15585204444444445 0.8143846324074074 0.12814356666666665 0.7990781981481482 0.13015264583333333 0.8140361259259259 0.18714505694444444 0.770115887037037 0.20181598194444442 0.808906961111111 0.2456451027777778 0.8335511342592593 0.24943489305555555 0.9888096296296295 0.1994527972222222 0.9980749962962964 0.05222710416666667 0.8268239657407407 0.0330596875 0.8331565333333334 0.05179678333333333 0.82325985 0.057987866666666665 0.8218482324074075 0.07109324027777777 0.8090998101851852 0.06975605555555556 0.8019430740740741 0.08587339583333334