3 0.04931760092592592 0.5704934916666666 0.05875465462962963 0.5826113208333333 0.10883503796296297 0.5855954986111112 0.16474429722222222 0.5649942875 0.2359816851851852 0.14790007777777778 0.1571035 0.019633127777777776 0.15059054444444445 0.018628741666666667 0.13713111944444445 0.05367444305555555 0.10083800462962964 0.2605379125 0.04931760092592592 0.5704934916666666
3 0.28969439629629634 0.24385281666666667 0.23525472500000003 0.5541480208333334 0.24379094074074076 0.5602033125 0.2756764685185185 0.5520885361111111 0.31958081203703703 0.2879524763888889 0.28969439629629634 0.24385281666666667
3 0.3499152324074074 0.3293568708333333 0.3120565203703704 0.5513803055555556 0.3174470527777778 0.5533963222222222 0.3295721268518519 0.5493425555555556 0.3631723898148148 0.3471976125 0.3499152324074074 0.3293568708333333
3 0.3601136435185185 0.5493135763888889 0.38968670555555557 0.38287909583333335 0.3831689194444444 0.37042164166666663 0.34978058333333334 0.5425862791666667 0.3601136435185185 0.5493135763888889
3 0.38301978148148147 0.5492918416666667 0.40990965185185185 0.410482025 0.40339186666666665 0.39802457083333337 0.3749315685185185 0.5405412833333334 0.38301978148148147 0.5492918416666667
3 0.6478731407407408 0.21892253472222223 0.6465436203703704 0.2613675388888889 0.6568766805555556 0.26809483749999996 0.6788819814814815 0.2620105652777778 0.7001983722222223 0.21988345138888887 0.6478731407407408 0.21892253472222223
3 0.5928502296296296 0.21122707638888888 0.5764667064814815 0.23515933472222222 0.5737835157407407 0.2627839986111111 0.6391346574074075 0.2657536861111111 0.6438314500000001 0.22027379027777777 0.5928502296296296 0.21122707638888888
3 0.9521996972222222 0.2998158541666667 0.8841701935185186 0.3359239 0.9744748833333334 0.40118810416666667 0.9883678222222222 0.3290879291666667 0.9710689731481481 0.31259844305555556 0.9521996972222222 0.2998158541666667
1 0.8308287962962964 0.5879421291666667 0.7976765370370371 0.7873918069444444 0.8349670861111111 0.815652251388889 0.8640679944444445 0.5946476916666666 0.8395866 0.5869232541666667 0.8308287962962964 0.5879421291666667
2 0.06780251944444445 0 0 0.4079115791666667 0 0.8256188375 0.05123036296296296 0.8460391513888889 0.3677780027777778 0.6180247444444444 0.3780820833333333 0.5560336291666667 0.37178588425925924 0.5365020069444445 0.3746954925925926 0.5132562444444444 0.359217637037037 0.5547041083333333 0.3475357361111111 0.544609538888889 0.37396794351851853 0.3855888513888889 0.38496093425925926 0.35964057777777775 0.3962044907407407 0.39533655 0.41304567685185184 0.3916151638888889 0.41618170092592593 0.3727483027777778 0.3833663574074074 0.30608212916666666 0.390977587037037 0.24880954027777777 0.38378538148148145 0.23466845 0.394547125 0.19288820555555553 0.397659 0.116756 0.37100136666666667 0 0.06780251944444445 0
2 1 0.2689950902777778 0.9498395203703702 0.5608807972222223 0.9437793981481482 0.5686342152777778 0.8993111333333333 0.5605918861111111 0.8910061638888889 0.5703685638888889 0.849341837037037 0.8210282944444444 0.8549636157407408 0.8388762805555555 0.946843562962963 0.9118866569444445 1 0.5920884208333332 1 0.2689950902777778
2 0.7913851685185185 0.7793132527777777 0.8254286046296296 0.563019975 0.8171091453703704 0.5384374472222222 0.7883644722222222 0.5391384319444444 0.7504236527777778 0.5664596958333333 0.7199594138888888 0.7497377763888888 0.7307453074074074 0.7652228777777778 0.7913851685185185 0.7793132527777777