3 0.7137036787037038 0.7428975888888889 0.7162435842592593 0.7366368875 0.7135760342592592 0.6978954847222223 0.7148204277777778 0.6920438819444444 0.7125022425925926 0.6729602041666667 0.7132570898148148 0.6452962375 0.7160622009259259 0.6335007986111111 0.7152988314814814 0.6249413333333333 0.6689893814814815 0.2695981041666667 0.6675101972222223 0.2678336333333333 0.6600889092592592 0.2698631361111111 0.6521447944444444 0.26785808055555554 0.631897862037037 0.27256854166666666 0.6186743685185185 0.2721793638888889 0.6047745555555556 0.27504232222222225 0.58598285 0.27404014722222225 0.5731250314814815 0.2764728083333333 0.565333175 0.2756427055555556 0.5524765148148147 0.2780843236111111 0.543622325925926 0.2775275569444444 0.5222016185185185 0.28165138888888885 0.5077989527777778 0.2891051111111111 0.4997140083333334 0.28601329999999997 0.49782296759259265 0.28876803194444445 0.4990614981481481 0.30048221805555553 0.5057717888888889 0.34243589999999996 0.552604700925926 0.7140928291666667 0.5565126777777778 0.7414950124999999 0.5603881138888889 0.7557336208333333 0.5617475546296297 0.7816833666666666 0.5704911564814815 0.8153599083333333 0.5937793481481481 0.8085910611111111 0.6194239546296296 0.7947063986111111 0.6455714185185185 0.7847021916666667 0.6515136824074074 0.7797305125 0.6550715240740741 0.7733010069444445 0.6600898444444444 0.7696705861111112 0.6773977824074074 0.7592227833333334 0.7137036787037038 0.7428975888888889
3 0.1854991037037037 0.6223096486111112 0.18511496759259258 0.6444611958333334 0.17849762962962964 0.6561859694444444 0.18473083055555556 0.6666127444444445 0.1793758037037037 0.675520625 0.18304520740740743 0.7038367944444445 0.20247390925925926 0.7030696347222222 0.2909379472222222 0.6699296208333334 0.2672043518518518 0.44910768194444445 0.24667004444444443 0.4036692763888889 0.20068167592592592 0.38156997361111117 0.1620517037037037 0.4099751986111111 0.1480683425925926 0.4716000319444445 0.1701631175925926 0.6169858166666666 0.1854991037037037 0.6223096486111112
3 0.475016575925926 0.6211554041666667 0.439200712962963 0.35732837361111114 0.42736546481481485 0.33506638055555554 0.37896237685185186 0.38223860833333334 0.41229279444444444 0.6394438069444445 0.4301338138888889 0.6452616652777777 0.4718412111111111 0.6343254388888889 0.475016575925926 0.6211554041666667
3 0.8108314925925926 0.3493741819444444 0.8158415601851852 0.35036223194444444 0.813277762037037 0.36825162777777776 0.8188993962962963 0.37395903888888893 0.8338044425925926 0.5140946222222222 0.8519512453703704 0.5222721611111111 0.8732930009259259 0.5111518583333333 0.9717184101851852 0.49837136527777776 0.9848943222222223 0.4933052402777778 0.9874385314814815 0.48154365 0.9427157657407407 0.16154149166666665 0.8966098694444444 0.17620902777777778 0.8931287203703704 0.18701938194444445 0.7973966009259259 0.2394204236111111 0.8028027657407407 0.3125337097222222 0.8108314925925926 0.3493741819444444
2 0 0.40045579305555556 0.029685352777777778 0.6505984708333333 0.036243926851851856 0.6572571166666666 0.14067510555555554 0.628032488888889 0.15291407777777777 0.6220151277777778 0.13624505555555555 0.5436148236111111 0.08705306574074075 0.1514506111111111 0 0.18290045555555556 0 0.18956435972222221 0.012655075 0.2931359416666667 0 0.29894969861111115 0 0.40045579305555556
2 0.13724838611111112 0.4257780486111111 0.1527214888888889 0.38820723194444445 0.18320520462962964 0.35972837500000004 0.22206260833333333 0.35819405694444445 0.25707431574074074 0.3834938319444445 0.2797882842592593 0.43319438750000006 0.3125071351851852 0.6856802263888889 0.3049528574074074 0.6964537638888889 0.17445605 0.7442981305555555 0.1813519564814815 0.841465436111111 0.19133291574074074 0.8556971513888889 0.18999225185185184 0.8830252680555556 0.20127469722222224 0.8821844791666666 0.4146530842592593 0.7832370708333334 0.36916967314814814 0.40713341527777774 0.3298922490740741 0.14798892916666667 0.11307188981481482 0.2454910763888889 0.10111911296296296 0.2599959263888889 0.14979747685185185 0.6168017402777778 0.13338310092592592 0.45873994861111106 0.13724838611111112 0.4257780486111111
2 0.4728846564814815 0 0.4262043861111111 0.01215827361111111 0.4604129796296296 0.28869812916666665 0.46332173703703705 0.2609128 0.4786968990740741 0.25398101944444446 0.7056081185185186 0.23434833611111114 0.7137347870370371 0.24054977361111113 0.7161810564814814 0.25942721944444447 0.7045536509259259 0.27016394166666663 0.7571484379629629 0.676029026388889 0.7620801518518519 0.7015283055555556 0.7702264083333333 0.7016019361111111 0.7937674157407407 0.6886159777777777 0.7950689027777778 0.6735434722222222 0.8286104555555555 0.668661423611111 0.8321111916666666 0.6517232638888889 0.7862436444444445 0.29777115416666666 0.7717542851851852 0.2236330013888889 0.7602052324074074 0.20985849583333333 0.7510317231481481 0.13906807361111112 0.7059998824074074 0.1117921986111111 0.6520339240740741 0.13487359305555555 0.632703162962963 0.10500171805555555 0.6284026037037037 0.07809399444444445 0.5621193203703704 0.1317039777777778 0.5571484296296296 0.11846031388888889 0.6030464833333333 0.07079405972222222 0.6031052481481481 0.05241064027777778 0.5183982685185186 0 0.4728846564814815 0
2 0.34150006666666666 0.14338001388888888 0.3361646277777778 0.1461600888888889 0.3602627712962963 0.3509582875 0.3702633175925926 0.3590621958333334 0.4274829935185185 0.2982995402777778 0.4349980944444444 0.29978161666666664 0.4796425064814815 0.6442950027777777 0.47675333796296293 0.6659525236111111 0.40343702962962963 0.66528985 0.4149588675925926 0.785596751388889 0.5313743731481482 0.83001625 0.4224370425925926 0.014481140277777776 0.39327440185185186 0.021759684722222224 0.3916475425925926 0.04060031527777778 0.401589325 0.06708764444444444 0.4263578 0.25822178333333334 0.3709924138888889 0.32701471527777776 0.3650454074074074 0.32507542916666665 0.34150006666666666 0.14338001388888888
0 0 0.18221092916666667 0.08581034259259258 0.14813969583333333 0.09836706018518518 0.23875880000000002 0.10366332314814815 0.24823433611111112 0.11056685648148148 0.24499705277777778 0.32614449351851854 0.1441839888888889 0.3863708675925926 0.024996970833333333 0 0.13765130416666668 0 0.18221092916666667
0 0.6314288907407408 0.013541825 0.5687246962962963 0.025702420833333333 0.6212716388888889 0.05446037222222223 0.6423271990740741 0.03485258194444444 0.6426917481481481 0.018828841666666665 0.6314288907407408 0.013541825
0 0.8312551166666667 0 0.8310513481481481 0.0030901583333333336 0.821928975925926 0.014320905555555557 0.7395098851851851 0.018761172222222223 0.725071662962963 0.02664418888888889 0.7493537259259259 0.07588753472222222 0.7094614425925926 0.10710965277777777 0.7544932842592593 0.13438552916666666 0.7789516407407407 0.12847861249999998 0.9202956194444444 0.019923831944444446 0.9180473074074074 0 0.8312551166666667 0