3 0.6131465509259258 0.8179563361111112 0.6174568962962963 0.8126632597222222 0.6228448277777778 0.810535851388889 0.6411637925925926 0.8052337694444445 0.6788793101851852 0.7995997527777777 0.6821689490740741 0.7941810333333333 0.6844785481481482 0.7553879305555556 0.686444437962963 0.75 0.6865964027777778 0.7306034472222223 0.6908564037037037 0.7036637930555555 0.6951104277777778 0.6928879305555555 0.6954498990740741 0.6842672402777777 0.6951930731481482 0.32219827638888887 0.6939655175925926 0.32004286249999997 0.6864224138888888 0.3199110041666667 0.6788793101851852 0.315669075 0.6584051722222222 0.31449804583333335 0.645474137037037 0.3103312763888889 0.6314655175925926 0.3091633194444444 0.6131465509259258 0.30280111805555554 0.6002155175925926 0.30150900277777776 0.5926724138888888 0.29846401666666666 0.5797413787037037 0.2971810263888889 0.5711206898148148 0.2941003 0.5495689648148149 0.29201747083333335 0.5344827583333334 0.2952120097222222 0.5269396546296297 0.2898629833333333 0.524732938888889 0.2920258625 0.5244585990740741 0.3038793097222222 0.5257088435185184 0.3469827597222222 0.524404312962963 0.7252155166666666 0.5247547666666666 0.7532327597222223 0.5267477638888889 0.7683189666666667 0.5247812648148148 0.7941810333333333 0.5290803638888889 0.8297413791666668 0.552801724074074 0.8297622888888889 0.5797413787037037 0.8234725597222223 0.6066810351851851 0.8211359152777777 0.6131465509259258 0.8179563361111112
3 0.22124600648148146 0.2980769236111111 0.1797124601851852 0.31490384583333336 0.1581469648148148 0.37139423055555554 0.16134185277777777 0.5204326916666667 0.17571884999999998 0.5300480763888888 0.17252396203703702 0.5516826916666667 0.16453674166666665 0.5612980763888888 0.16932907314814813 0.5733173083333333 0.16293929722222222 0.5805288458333333 0.16293929722222222 0.609375 0.18210862592592592 0.6141826916666667 0.27316293888888893 0.6069711541666667 0.27795527129629627 0.3834134611111111 0.263578275 0.33293269166666667 0.22124600648148146 0.2980769236111111
3 0.39616613425925923 0.34975961527777777 0.39616613425925923 0.6117788458333333 0.4129392972222222 0.6225961541666667 0.45527156574074074 0.6237980763888888 0.46006389814814813 0.6117788458333333 0.4584664537037037 0.3425480763888889 0.44968051111111107 0.31730769166666667 0.39616613425925923 0.34975961527777777
3 0.9305111824074075 0.2956730763888889 0.92571885 0.30528846111111113 0.8250798722222222 0.3293269236111111 0.8210862620370369 0.40264423055555554 0.82428115 0.44110576944444446 0.8290734824074074 0.4435096152777778 0.82428115 0.4603365388888889 0.8290734824074074 0.4675480763888889 0.8258785944444444 0.609375 0.8426517574074074 0.6225961541666667 0.8650159740740742 0.6177884611111111 0.963258786111111 0.6334134611111111 0.9768370611111112 0.6322115388888889 0.9808306712962963 0.6213942305555555 0.9776357824074074 0.29447115416666664 0.9305111824074075 0.2956730763888889
2 0.048722044444444446 0.045673076388888886 0.047923322222222224 0.15745192361111113 0.017571885185185186 0.16225961527777777 0.022364217592592595 0.2103365388888889 0.019169328703703702 0.5132211541666667 0.024760383333333334 0.5216346152777778 0.13099041574074075 0.5228365388888889 0.1437699675925926 0.5204326916666667 0.13738019166666668 0.4387019236111111 0.1389776361111111 0.03966346111111111 0.048722044444444446 0.045673076388888886
2 0.1525559101851852 0.13942307638888887 0.1389776361111111 0.15024038472222223 0.14137380185185186 0.5144230763888888 0.14536741203703704 0.35456730833333333 0.1533546324074074 0.32331730833333333 0.17332268333333334 0.29086538472222223 0.20686900925925927 0.27163461527777777 0.24520766759259258 0.28125 0.2763578277777778 0.31610576944444446 0.2923322685185185 0.37139423055555554 0.2923322685185185 0.6286057694444445 0.28354632592592593 0.6370192305555555 0.14936102222222222 0.6466346152777778 0.1437699675925926 0.7439903847222222 0.1517571888888889 0.7608173083333333 0.1469648564814815 0.7872596152777778 0.1581469648148148 0.7896634611111111 0.3801916935185185 0.7536057694444444 0.38338658148148147 0.37139423055555554 0.3777955268518518 0.10576923055555555 0.1525559101851852 0.13942307638888887
2 0.8067092648148148 0.7439903847222222 0.8067092648148148 0.3834134611111111 0.8019169333333334 0.30649038472222223 0.7923322685185185 0.28966346111111113 0.7923322685185185 0.21754807638888887 0.7515974444444444 0.17788461527777777 0.6956869009259259 0.18509615416666667 0.6805111824074075 0.15024038472222223 0.6797124601851853 0.12259615416666668 0.6078274759259259 0.15625 0.6046325879629629 0.14182692361111113 0.6557507990740741 0.10817307638888889 0.6581469648148148 0.09014423055555555 0.5694888175925925 0.0024038458333333333 0.48961661296296294 0 0.48801916944444446 0.28125 0.4944089453703704 0.25480769166666667 0.510383387037037 0.25240384583333336 0.7356230027777778 0.2980769236111111 0.7428115018518519 0.30649038472222223 0.7428115018518519 0.32572115416666664 0.730031949074074 0.33293269166666667 0.730031949074074 0.7463942305555556 0.7316293925925926 0.7728365388888889 0.739616612962963 0.7752403847222222 0.7643769972222222 0.7692307694444444 0.7675718851851852 0.7548076916666667 0.8011182111111111 0.7596153847222222 0.8067092648148148 0.7439903847222222
2 0.4584664537037037 0.046875 0.4584664537037037 0.2415865388888889 0.395367412037037 0.29326923055555554 0.3897763574074074 0.28966346111111113 0.3897763574074074 0.10456730833333333 0.3841853037037037 0.10576923055555555 0.38178913703703704 0.3137019236111111 0.3905750796296296 0.32451923055555554 0.4544728435185185 0.28125 0.46166134166666667 0.28485576944444446 0.46166134166666667 0.6358173083333333 0.45607028796296295 0.65625 0.3841853037037037 0.6346153847222222 0.3801916935185185 0.7560096152777778 0.48881789166666667 0.8329326916666667 0.4856230027777778 0.001201923611111111 0.45607028796296295 0 0.45207667777777777 0.018028845833333335 0.4584664537037037 0.046875
0 0.016773162962962964 0.033653845833333335 0.04233226851851852 0.045673076388888886 0.1381789138888889 0.03605769166666667 0.1389776361111111 0.12860576944444443 0.1429712462962963 0.13942307638888887 0.15015974444444447 0.13822115416666667 0.3746006388888889 0.10096153888888888 0.44888178888888886 0.001201923611111111 0.011182108333333333 0.001201923611111111 0.016773162962962964 0.033653845833333335
0 0.6277955268518519 0.05408653888888888 0.67571885 0.09735576944444445 0.6988817888888889 0.08413461527777778 0.7012779555555555 0.06850961527777778 0.6908945685185186 0.060096154166666665 0.6277955268518519 0.05408653888888888
0 0.5718849842592592 0.001201923611111111 0.6158146962962964 0.045673076388888886 0.6541533546296296 0.033653845833333335 0.6996805111111111 0.046875 0.7100638981481482 0.02403846111111111 0.7308306712962963 0.012019230555555555 0.7332268370370371 0.001201923611111111 0.5718849842592592 0.001201923611111111
0 0.8115015972222223 0.018028845833333335 0.8019169333333334 0.02524038472222222 0.8011182111111111 0.03846153888888889 0.7883386583333334 0.03846153888888889 0.7819488814814815 0.05528846111111112 0.8929712462962963 0.08293269166666667 0.8881789138888889 0.10697115416666668 0.8777955268518519 0.11538461527777777 0.7963258787037037 0.09615384583333332 0.7811501601851851 0.09975961527777777 0.7987220444444445 0.15504807638888887 0.7555910546296296 0.17427884583333333 0.7963258787037037 0.21394230833333336 0.8210862620370369 0.21514423055555554 0.9736421722222222 0.1490384611111111 0.9760383388888889 0.001201923611111111 0.8043130990740741 0 0.8115015972222223 0.018028845833333335