2 0.23736338796296297 0.11069733055555556 0.23779029999999998 0.7729616972222222 0.26767417962962964 0.806874751388889 0.2663934425925926 0.06270715694444444 0.23736338796296297 0.11069733055555556
2 0.2668203546296296 0.06270715694444444 0.26767417962962964 0.806874751388889 0.3436646175925926 0.7678427444444444 0.3428107925925926 0.113896675 0.2668203546296296 0.06270715694444444
2 0 0.18032786944444443 0.12058002500000001 0.2214073611111111 0.1194008 0.45777686944444446 0.12411556574074074 0.45291856249999995 0.12415554074074074 0.45402698888888887 0.11939930462962962 0.4582203888888889 0.11980459074074075 0.7066439652777778 0.20250582777777779 0.6812859277777777 0.2030809111111111 0.6794901972222221 0.2028700472222222 0.6801941222222223 0.2368951611111111 0.6746822722222222 0.23650744351851852 0.24988232361111112 0 0.1639344263888889 0 0.18032786944444443
2 0.343486287962963 0.2885404 0.3438159277777778 0.6432869888888889 0.5175369203703704 0.5953616138888889 0.5195147675925926 0.34782952500000003 0.343486287962963 0.2885404
2 0.84890625 0.6662763472222223 0.8682641481481481 0.6709186152777777 0.868125 0.6711943791666667 0.9490740731481481 0.6857706652777777 0.9497974527777777 0.22551825694444444 0.742844012962963 0.28339204444444444 0.5196875000000001 0.34730679166666667 0.51765625 0.5955503513888889 0.83421875 0.6637002347222223 0.83640625 0.6484777513888889 0.84890625 0.6501170958333333 0.84890625 0.6662763472222223
2 0.98125 0 0.9501080685185185 0.22541827222222222 0.9492074925925926 0.6857034875 0.9984375 0.9297423888888889 0.9984375 0 0.98125 0
0 0 0 0 0.13817330277777778 0.23732311296296296 0.23198267916666665 0.2370566361111111 0.11039716111111111 0.2123855824074074 0.08574536805555556 0.2556493138888889 0.005894993055555555 0.3625572074074074 0.08735309305555555 0.3432494277777778 0.11414852222222223 0.3434405935185185 0.2663230513888889 0.5197942638888888 0.3331834361111111 0.55734375 0.32271662777777776 0.5572285231481482 0.3219538472222222 0.74734375 0.2639344263888889 0.73921875 0.2245901638888889 0.7420312499999999 0.21522248194444443 0.74921875 0.20843091388888887 0.75828125 0.20421545694444446 0.7693749999999999 0.205152225 0.77671875 0.21007025694444445 0.7776562499999999 0.2149882902777778 0.7721875 0.2220140513888889 0.7614062500000001 0.22622950833333333 0.74734375 0.22880562083333333 0.739375 0.22529274027777776 0.74734375 0.2637002347222222 0.9348958324074074 0.20843091388888887 0.95 0 0 0
0 0.00037334074074074077 0.13782097916666666 0.00037334074074074077 0.163727175 0.23751382777777777 0.24869950833333335 0.23820519814814817 0.22901079861111112 0.00037334074074074077 0.13782097916666666
0 0.34467643703703704 0.2663157236111111 0.34467643703703704 0.2901494263888889 0.5202848453703705 0.3471430638888889 0.5202848453703705 0.3305630958333333 0.34467643703703704 0.2663157236111111
0 0.5209762175925926 0.33263559305555557 0.5195934731481481 0.3481793111111111 0.9510094027777779 0.22486580555555555 0.9344164824074074 0.20724959027777778 0.5209762175925926 0.33263559305555557
0 0.9500515111111112 0.0023676555555555557 0.9337396981481482 0.20825076527777778 0.9517685435185185 0.22755230694444445 0.9828125 0 0.9500515111111112 0.0023676555555555557