2 0.23287387685185185 0.11763208472222221 0.24100612777777775 0.7797844097222223 0.2712800324074074 0.8129099791666666 0.26134114722222224 0.06888925416666666 0.23287387685185185 0.11763208472222221
2 0.26176799444444443 0.06887807777777778 0.2712800324074074 0.8129099791666666 0.34680476203703703 0.7718945930555555 0.33834244537037034 0.118070475 0.26176799444444443 0.06887807777777778
2 0 0.19460712777777778 0.11739640462962964 0.23138247916666665 0.11896750370370371 0.46774685833333335 0.123625025 0.46276586527777774 0.12367789074074075 0.46387307638888886 0.11897116851851854 0.46819034861111114 0.1222667861111111 0.7165654791666667 0.20466038796296296 0.6890463013888889 0.20521449074074075 0.6872357888888889 0.20501184907407408 0.6879451263888889 0.23896765092592592 0.6815433861111111 0.2336374712962963 0.2568182861111111 0 0.1783623638888889 0 0.19460712777777778
2 0.3410498064814815 0.29266991805555553 0.3455068509259259 0.6473538472222222 0.5186437759259259 0.5948879972222223 0.5177413018518519 0.34734183194444446 0.3410498064814815 0.29266991805555553
2 0.9465353685185185 0.21378499027777778 0.7402868064814815 0.2770677166666667 0.5179079259259259 0.3468146555555555 0.5187652833333334 0.5950735819444445 0.836072488888889 0.6549259208333333 0.8380825435185185 0.6396484902777778 0.850599712962963 0.6409603513888888 0.850787725 0.6571171416666667 0.870196687037037 0.6612519402777778 0.8700607685185184 0.6615313041666667 0.9511671074074073 0.6739862361111111 0.9465353685185185 0.21378499027777778
2 0.9737806842592592 0 0.9468447731481482 0.2136768888888889 0.9512997249999999 0.6739155763888889 1 0.9009566763888889 1 0.6277486722222222 0.9926950712962962 0 0.9737806842592592 0
0 0.4970910324074074 0 0 0.01301513472222222 0 0.15283646527777778 0.23424475555555557 0.2389000152777778 0.2325636787037037 0.11733999166666666 0.2076095611111111 0.09333780694444445 0.24993764907407406 0.012367008333333334 0.35777701944444446 0.09101400277777777 0.33878394351851854 0.1183108013888889 0.34074562129629626 0.27045714861111114 0.517850349074074 0.33269065694444444 0.5552723351851852 0.3212424486111111 0.5551482509259259 0.32048280138888885 0.7445594703703704 0.2574952652777778 0.7359779398148149 0.21836969583333332 0.7386810185185185 0.20892981388888887 0.7457884046296296 0.20195112083333333 0.7548004777777778 0.1974990625 0.765903437037037 0.19814526944444444 0.7733032898148148 0.2028703027777778 0.7742978685185186 0.20776304444444446 0.7689116953703703 0.2149309 0.7581811342592593 0.21942795277777777 0.7441507490740741 0.2223718097222222 0.7361423398148148 0.219068075 0.7445567453703703 0.2572611083333334 0.9314372074074074 0.19709035277777778 0.9434033824074075 0 0.4970910324074074 0
0 0 0.17800336527777777 0.23462993981481484 0.25560930555555555 0.2350921287037037 0.23590549583333334 0 0.15229452222222223 0 0.17800336527777777
0 0.3419811916666667 0.27041746944444445 0.3422584953703704 0.29424754305555556 0.5185032749999999 0.3466353152777778 0.5183103685185185 0.3300578722222222 0.3419811916666667 0.27041746944444445
0 0.5190257481481482 0.33211195555555556 0.5178240648148148 0.34768950416666666 0.9477395425925926 0.21310091111111112 0.9309441861111111 0.19592175833333336 0.5190257481481482 0.33211195555555556
0 0.9435631601851853 0 0.9302791537037037 0.1969404972222222 0.948529825 0.21576712916666665 0.9753593277777778 0 0.9435631601851853 0