2 0.2076916675925926 0.16161016111111112 0.26192187962962965 0.8188600680555556 0.2943383175925926 0.8470574458333333 0.23260631574074075 0.1086708875 0.2076916675925926 0.16161016111111112
2 0.23303004629629628 0.10859284722222223 0.2943383175925926 0.8470574458333333 0.3665911305555556 0.7944250208333332 0.3126130175925926 0.1455094486111111 0.23303004629629628 0.10859284722222223
2 0 0.2774997125 0.10077356296296296 0.29284344305555554 0.11880725833333333 0.5276666555555555 0.12309216203703705 0.5219826847222222 0.12322189444444444 0.5230755402777778 0.11884180833333334 0.5281071430555555 0.1394275527777778 0.7746049194444444 0.21945210185185185 0.7343177791666666 0.21987700277777777 0.7324303055555555 0.21972490185185187 0.7331675305555556 0.25304858055555557 0.7214768374999999 0.21815035925925924 0.29991415972222224 0 0.2619450236111111 0 0.2774997125
2 0.32747262222222223 0.31872792222222224 0.3566216277777778 0.6707700249999999 0.525153974074074 0.5914449833333334 0.5070060305555556 0.3453964027777778 0.32747262222222223 0.31872792222222224
2 0.9241441240740741 0.14533942222222224 0.7234353111111111 0.2406137472222222 0.5071350046296297 0.34484599027777774 0.5252877490740742 0.5916105 0.8450275611111111 0.6013835083333333 0.8459619861111112 0.5858746069444445 0.8585020037037037 0.5852166819444444 0.8598148814814814 0.6012554847222222 0.8794056555555555 0.6023244486111111 0.87928995 0.6026235944444445 0.9608199092592593 0.6022934152777778 0.9241441240740741 0.14533942222222224
2 0.9324146564814815 0 0.924444300925926 0.14518340000000002 0.9609468759259259 0.6022023486111111 1 0.7347972999999999 1 0.4733596916666667 0.9612524916666667 0 0.9324146564814815 0
0 0.479612462037037 0 0 0.08833350833333334 0 0.23752154305555556 0.21750567037037039 0.28199882916666663 0.2073628148148148 0.16136830416666667 0.1808727898148148 0.14141022916666668 0.21732649814814814 0.05424626388888889 0.3300556796296296 0.11555399444444445 0.3130688453703704 0.14567923472222222 0.32562219259259256 0.29668453194444444 0.5060935037037037 0.33080839027777775 0.542512712962963 0.31355540277777777 0.5423363722222223 0.3128193722222222 0.72632065 0.22047859305555556 0.7150596388888889 0.18291287916666665 0.7170900861111111 0.1731008861111111 0.7236722222222223 0.1650460375 0.7323246824074074 0.15920534027777777 0.7434118500000001 0.15810714444444443 0.7511004324074073 0.1616460513888889 0.7524305157407407 0.16635604722222222 0.7475733453703705 0.17432914861111112 0.7372149472222222 0.18048404027777779 0.7234665666666666 0.18561163194444447 0.7152718064814815 0.18358165555555553 0.7263016222222223 0.22024614722222222 0.9079652962962963 0.13110352083333335 0.9067504074074074 0 0.479612462037037 0
0 0 0.2614964347222222 0.2190531425925926 0.29855619027777774 0.21813972592592593 0.2788878513888889 0 0.23674730416666664 0 0.2614964347222222
0 0.32684822870370367 0.29645134166666665 0.3287846277777778 0.32010739166666663 0.5077145953703704 0.3445742847222222 0.5063675361111111 0.3281179013888889 0.32684822870370367 0.29645134166666665
0 0.507222137037037 0.33004856527777776 0.5071125675925926 0.34572919444444444 0.9252940314814815 0.1444702847222222 0.9073935407407407 0.13001863055555557 0.507222137037037 0.33004856527777776
0 0.9064634925925926 0 0.9068031435185185 0.13113606111111112 0.9262657814814814 0.14699798749999998 0.9340907324074074 0 0.9064634925925926 0