2 1 0.13101610416666665 0.5037336046296296 0.21693005555555556 0.4879141416666667 0.23212508611111113 0.47721416203703704 0.35870282777777773 0.48760196851851856 0.3528786291666667 0.4949733648148148 0.31672317083333335 0.9308682685185184 0.30300767222222225 0.8820732296296296 0.7735413611111112 0.9049734194444444 0.7754281555555556 0.9192873361111111 0.6651086097222222 0.9480946953703704 0.6447071027777778 0.9894283027777777 0.6591468861111112 1 0.5590262819444445 1 0.13101610416666665
2 0.2686611453703704 0.1542099083333333 0.2614785185185185 0.2521362263888889 0.35310167685185184 0.291444725 0.32346238796296295 0.5671636527777777 0.3378362314814815 0.5705785416666667 0.38105750925925924 0.21108314027777778 0.2686611453703704 0.1542099083333333
2 0.03163688425925926 0.15431025277777777 0.09560708703703705 0.1780134055555556 0.11368509537037037 0.07185896944444445 0.04422680462962963 0.035075805555555555 0.03163688425925926 0.15431025277777777
0 0.6116968518518519 0.09599364305555556 0.6033632703703704 0.13417047916666666 0.8364388981481482 0.07369746666666667 0.629215625925926 0.0278736375 0.6247490518518518 0.08647386388888889 0.6116968518518519 0.09599364305555556
0 0.10806248888888889 0 0.2674106518518518 0.09680734583333334 0.2524640314814815 0.04277366944444445 0.19138456666666667 0.001873925 0.19322821666666667 0 0.10806248888888889 0
0 0.40184904537037036 0.08401235972222222 0.32640318333333335 0.026220216666666667 0.31298339814814813 0.04175785277777778 0.3202478027777778 0.04589994583333334 0.32227733611111115 0.052422715277777775 0.3194453287037037 0.05779049861111111 0.30966002499999995 0.05606979861111111 0.3062442425925926 0.09271001388888889 0.3095502435185185 0.10859694583333333 0.32137148796296294 0.12107035972222223 0.33855845185185185 0.13421448194444444 0.40700617037037035 0.15530854305555555 0.4072678703703704 0.16141131805555556 0.3539089564814815 0.14329794305555557 0.415566262037037 0.18150462500000003 0.5069875537037037 0.16093998333333334 0.5075713277777778 0.12966755 0.4942613240740741 0.0926780375 0.4788568546296296 0.13130250138888888 0.4725514027777778 0.1352410138888889 0.47453152870370374 0.15081295 0.46665772314814813 0.16102351805555554 0.46423563796296297 0.14534658472222223 0.4676276398148148 0.13467530416666665 0.4601079416666667 0.12866037916666667 0.4603312009259259 0.10938349444444445 0.45350875555555553 0.10534640138888889 0.45063374629629627 0.12399329027777778 0.4500179379629629 0.1341160097222222 0.4391556453703704 0.12972320277777777 0.4396406046296296 0.11654909583333334 0.44151366111111107 0.10310070694444444 0.43013437407407407 0.09073229305555557 0.4275686259259259 0.0635440861111111 0.42209768333333336 0.07674176111111111 0.40184904537037036 0.08401235972222222
0 0.5450485462962963 0.1007038986111111 0.5203530444444444 0.13249359583333334 0.5176809398148148 0.1578001 0.5489654703703704 0.14682259583333335 0.5450485462962963 0.1007038986111111
0 0.2988798324074074 0.09249402638888889 0.3020405407407407 0.09277232916666667 0.30588635185185187 0.056350083333333335 0.2987173037037037 0.05039342638888889 0.2956876009259259 0.0388036875 0.28059567037037036 0.05081421527777778 0.2988798324074074 0.09249402638888889
0 1 0.11255576666666668 0.9819227212962963 0.10826102777777778 0.9665516925925925 0.11118314722222222 0.9517837768518518 0.11096159027777779 0.950225324074074 0.10237394444444443 0.8591290361111111 0.07908811388888888 0.5862403333333333 0.15021523888888888 0.581851512037037 0.16121956666666665 0.5733032731481482 0.1566072027777778 0.5629640499999999 0.15673234583333334 0.5601889398148148 0.16467805416666667 0.5626791981481482 0.17236201666666667 0.5588751861111111 0.17769916666666666 0.5525034074074073 0.1766654513888889 0.5512860592592593 0.1677349986111111 0.5555947537037037 0.1644380236111111 0.5577858212962963 0.15391698750000002 0.520782675925926 0.16336851944444444 0.517884037037037 0.17036097083333332 0.5144807148148148 0.17531324722222222 0.5093808240740741 0.1861033513888889 0.5029545027777778 0.18217626388888888 0.5036911583333333 0.1717897611111111 0.5040867564814815 0.16804319583333333 0.41173233611111115 0.19362875416666667 0.4199301351851852 0.20805815000000003 0.4275321009259259 0.21060350416666668 0.43157769444444444 0.21375375694444443 0.43293893796296296 0.2190026625 0.4302377333333333 0.22255672083333333 0.5080014574074074 0.20807435277777778 0.5074182101851852 0.21498985833333334 0.6163344490740741 0.19650825694444443 0.6145740481481481 0.18244135694444444 0.6070236583333334 0.18064756111111113 0.6028795925925926 0.17733276388888888 0.6036339731481482 0.1701883111111111 0.6098223351851851 0.16832957777777777 0.6207139981481482 0.1715829722222222 0.6227759481481482 0.1780649402777778 0.6153390212962963 0.18229020277777777 0.6167529925925925 0.19727348333333336 1 0.1308983277777778 1 0.11255576666666668
0 0.30817346203703705 0.13805520416666667 0.2995402037037037 0.13494198333333332 0.29110122499999996 0.13187491666666668 0.28617058055555555 0.1370764777777778 0.264271475 0.13134268055555556 0.41602385740740744 0.21625490833333333 0.4191484481481481 0.20929657222222223 0.4118309083333333 0.1956087861111111 0.3138293453703704 0.13541580555555555 0.30817346203703705 0.13805520416666667
0 0.04826615 0 0.04648171574074074 0.013720381944444443 0.2261608925925926 0.1131627625 0.22806148425925926 0.10956038333333333 0.2161930611111111 0.10390298333333334 0.2147849601851852 0.09708218888888888 0.22367875462962963 0.09635740555555555 0.23372580277777777 0.10198748194444444 0.2366169175925926 0.10916060694444443 0.27021228333333336 0.11349355972222222 0.06884329629629629 0 0.04826615 0