2 0.1311888111111111 0.5507943152777778 0.14447552407407407 0.520484951388889 0.15846153796296297 0.5068979944444445 0.15776223796296296 0.4452341138888889 0.17076596018518517 0.4424576986111111 0.1426154564814815 0.37420632361111117 0.1723410833333333 0.4418563611111111 0.1794405601851852 0.4347826083333333 0.18223776203703704 0.4253762555555555 0.19342657314814815 0.4441889625 0.2088111888888889 0.45045986666666665 0.2276923074074074 0.41387959722222223 0.24377622407407407 0.41910535 0.25846153796296295 0.4473244152777778 0.25706293611111114 0.4682274236111111 0.27454545462962965 0.4828595319444444 0.2500699305555556 0.4891304347222223 0.24447552407407408 0.5152591986111111 0.2689510490740741 0.5215301 0.27524475462962966 0.5455685625 0.2829370638888889 0.5570652180555555 0.28573426574074073 0.4724080277777778 0.30671328703703704 0.47345317638888884 0.3158041962962963 0.547658863888889 0.3374825185185185 0.5340719069444444 0.34727272685185184 0.5257107013888889 0.3528671324074074 0.46091137222222217 0.3518946796296296 0.4578618236111111 0.3504714453703704 0.4073428069444444 0.3494040203703704 0.21377520694444443 0.3437762240740741 0.21112040277777777 0.31440559444444444 0.15990802777777777 0.3140685222222222 0.16041180416666667 0.2675524472222222 0.08570234305555555 0.22979020925925928 0.10974080138888889 0.14727272685185183 0.018812709722222223 0.1437762240740741 0 0.0025174814814814817 0.004180602777777778 0.00041957962962962963 0.6448578583333333 0.11090909074074075 0.5946906361111111 0.14027972037037037 0.5873745819444445 0.1570629361111111 0.5988712361111111 0.16755244722222223 0.5779682277777778 0.16685314722222222 0.5675167222222222 0.145174825 0.5612458208333333 0.1311888111111111 0.5507943152777778
2 0.9327272731481482 0 0.7304895111111112 0.20589464999999998 0.7278187268518518 0.23256952777777778 0.7431067435185186 0.222777125 0.7465734268518519 0.2309782611111111 0.7535664324074075 0.31354515 0.7703496509259259 0.35326086944444446 0.7598601398148148 0.3898411361111111 0.7689510490740741 0.4243311027777778 0.7661538453703703 0.47136287499999996 0.768970525 0.46678403749999997 0.9130069925925925 0.4692725763888889 0.9193007 0.3658026763888889 0.9360839166666667 0.35639632083333334 0.9304895111111111 0.5142140458333333 0.9752447546296297 0.4933110375 0.9878321675925926 0.572742475 0.9472727268518518 0.5863294319444444 0.9416783222222223 0.6093227416666667 0.9661538453703704 0.6218645486111112 0.957062936111111 0.702341136111111 0.9472727268518518 0.72742475 0.9556643361111111 0.7431020055555556 0.945174825 0.7566889625000001 0.9430769240740742 0.7755016708333334 0.9981818185185186 0.8125 0.9981818185185186 0 0.9327272731481482 0
2 0.37073437129629633 0.46269095138888894 0.3658203657407408 0.2138007583333333 0.49303849259259264 0.220329025 0.6218946222222222 0.21951299166666666 0.624624625 0.23175349166666667 0.7234507240740741 0.23338555972222222 0.7267267268518519 0.20727248888888888 0.48594048518518523 0.2129847222222222 0.3516243509259259 0.21053662222222222 0.35271635277777774 0.45208251666666666 0.37073437129629633 0.46269095138888894
0 0.44374437499999997 0.09483964722222223 0.5337533750000001 0.12039926944444444 0.5396039601851852 0.11703615972222223 0.5450045 0.09820275555555556 0.5454545453703704 0.08004197222222223 0.5409540944444444 0.06995264722222222 0.5306030601851851 0.0665895375 0.5121512148148148 0.053809727777777774 0.502250225 0.04372040555555556 0.4918991888888889 0.033631081944444446 0.48244824537037034 0.017488162499999998 0.4784362398148148 0.0009274375 0.38208820925925924 0.0013452444444444444 0.416741675 0.123762375 0.5054005398148148 0.12308975555555556 0.4423942398148148 0.10425635 0.44374437499999997 0.09483964722222223
0 0.661538462037037 0.030379040277777776 0.6445758712962962 0.044448034722222224 0.6280269944444444 0.05636510277777777 0.6109567287037037 0.06526485555555556 0.5977370268518518 0.07114200555555555 0.5745870731481482 0.07230826666666666 0.5579399148148149 0.07191951388888888 0.5524775657407408 0.08397089166666666 0.5535215638888888 0.10201810277777779 0.5572448037037037 0.10943760277777778 0.5615885814814815 0.111292475 0.6391560657407407 0.06584804861111111 0.6490847037037037 0.08161448333333333 0.576481537962963 0.12427659722222223 0.6552901018518519 0.122421725 0.7185851694444445 0.0009274375 0.6801864796296296 0.001114826388888889 0.6773892777777778 0.009476030555555555 0.661538462037037 0.030379040277777776
0 0.7163636361111111 0 0.6569488870370371 0.12057986666666666 0.5742333203703703 0.12641117638888888 0.5664299657407408 0.12641117638888888 0.5656496287037037 0.13224248888888887 0.5615870944444444 0.13945365555555556 0.5528667981481481 0.14206026388888887 0.5384783092592592 0.1407569597222222 0.5328101166666667 0.12967886666666667 0.5236538037037037 0.12642060277777778 0.5053411814814814 0.12446564444444444 0.41683017314814813 0.12576895138888888 0.38181818148148144 0 0.3518376907407408 0.003953630555555556 0.4072415148148148 0.1485701625 0.6647522435185185 0.1485701625 0.7618181814814815 0 0.7163636361111111 0
0 0.7618181814814815 0 0.6642622944444444 0.14754098333333332 0.4071833092592593 0.14754098333333332 0.3509090907407407 0 0.3259612527777778 0.0016482527777777777 0.39302533425925923 0.17761047777777778 0.6784202694444444 0.16981468194444443 0.7945454546296297 0 0.7618181814814815 0
0 0.3498361222222222 0.18820641805555557 0.3716363638888889 0.19076086944444445 0.3716363638888889 0.18695652222222223 0.3678181814814815 0.1858695652777778 0.3670909092592593 0.18016304305555556 0.3701818185185185 0.1769021736111111 0.374 0.17608695694444443 0.37818181851851856 0.17771739166666667 0.37818181851851856 0.18342391249999998 0.3745454546296296 0.18668478194444443 0.37181818148148144 0.18668478194444443 0.37181818148148144 0.19103260833333333 0.5298118342592593 0.19109834305555556 0.5307186583333333 0.18567711111111113 0.5302652453703703 0.1812723611111111 0.5336658342592593 0.17754526666666667 0.5386533675925926 0.1772064402777778 0.5420539564814815 0.1802558833333333 0.5402403092592593 0.18466063055555557 0.5359328944444445 0.188387725 0.5311720694444445 0.1860159375 0.5300385398148149 0.19211482083333337 0.6917767907407407 0.18771360555555555 0.6916798907407408 0.1877100736111111 0.6917908675925926 0.1877132222222222 0.6919065962962964 0.1877100736111111 0.6903196546296296 0.18330532361111113 0.6925867148148148 0.17923940277777778 0.6966674222222222 0.17822292083333333 0.7027884833333333 0.17788409444444445 0.7048288361111111 0.18262767083333337 0.701027137962963 0.18797532638888886 0.7274994324074074 0.18872655416666667 0.8972460759259259 0.0017702875000000001 0.7936363638888888 0 0.7618404249999999 0.05023659444444444 0.7617951675925926 0.05022014444444445 0.678020712962963 0.16992295138888888 0.39309551296296297 0.17473857916666669 0.3267084638888889 0.0014524 0.2574068546296296 0.0038756249999999997 0.27081967314814814 0.022808269444444442 0.2663487324074074 0.041740912500000005 0.30360655833333333 0.1018799 0.31671554166666666 0.07682946944444444 0.3168899416666667 0.07671614444444444 0.31706054907407405 0.07682946944444444 0.304295325 0.10209553472222223 0.3498361222222222 0.18820641805555557
0 0.8971428564814814 0.0002772847222222222 0.7264564 0.18744454305555555 0.7292393324074075 0.20546805694444445 0.9327272731481482 0 0.8971428564814814 0.0002772847222222222
0 0.7272727268518518 0.18797954027777777 0.34866310185185184 0.18861892638888886 0.3465240638888889 0.20971867083333334 0.7294117657407407 0.20524296805555556 0.7272727268518518 0.18797954027777777
0 0.27482587129629626 0.025024334722222222 0.25492537314814817 0.0006894861111111111 0.21150610555555555 0.0006894861111111111 0.34809588333333336 0.21294343472222224 0.34900045277777775 0.18725665277777778 0.267589325 0.04124756527777777 0.27482587129629626 0.025024334722222222