2 1 0.16243926805555556 0.9220774685185185 0.1330143388888889 0.9158492879629629 0.15016506666666668 0.8218104768518518 0.2109190847222222 0.7886210666666666 0.17475474861111112 0.7320932148148148 0.23185365 0.7318403314814815 0.23124904861111112 0.6955422842592592 0.2712384222222222 0.6896605935185185 0.27192621666666666 0.6595917027777778 0.46017251388888886 0.6506287416666666 0.5089164944444444 0.6492238805555556 0.5115597513888889 0.6449571166666667 0.5765859791666667 0.6532424944444445 0.5880363638888889 0.6723276027777778 0.6085899305555555 0.6923139444444445 0.5393536444444444 0.7129120129629629 0.5454141625 0.7029417064814815 0.6288454444444445 0.7121609851851852 0.6202390375 0.7218983685185185 0.5989403430555555 0.7466870185185185 0.6010888569444445 0.7451544583333333 0.5737420694444444 0.7222466712962963 0.5593731972222222 0.7414754527777778 0.551015175 0.7432474657407407 0.5301759847222223 0.7617883351851852 0.5076353875 0.7782437138888889 0.5079707111111111 0.7911550638888889 0.5499844222222222 0.8070858046296295 0.5490654194444444 0.820809138888889 0.5345102833333333 0.8221240027777778 0.5446194013888889 0.8279806888888889 0.5539074069444444 0.8670897472222222 0.49802145277777776 0.8294252601851851 0.5550248208333333 0.841679325925926 0.5621178777777778 0.8317503796296296 0.6219653555555555 0.8433403324074074 0.6399233319444444 0.8517410925925926 0.6739391583333334 0.8365461537037037 0.6794035402777777 0.8144830157407408 0.6781988763888889 0.8122342537037037 0.6881465486111111 0.81932015 0.7120532541666668 0.8373973361111111 0.7065143611111111 0.8649180287037037 0.7235533361111111 0.9650522546296296 0.809716873611111 1 0.5774550069444444 1 0.16243926805555556
2 0.06567001666666668 0 0 0.42667214166666667 0 0.626879623611111 0.02696284814814815 0.6189346486111111 0.027740008333333333 0.5998962222222222 0.01955694259259259 0.5831180583333334 0.03008455277777778 0.5706741611111111 0.024306989814814814 0.5429299625 0.027517941666666667 0.46144846944444445 0.05324702037037037 0.45748679999999997 0.0512442462962963 0.43319510694444446 0.013761941666666666 0.40627055 0.03793886388888889 0.3331222625 0.07841226388888889 0.36859113611111116 0.09662875185185185 0.21293056805555557 0.11157116944444445 0.22775894305555555 0.10218646111111111 0.33070058055555557 0.2429044824074074 0.3768775555555555 0.24496229444444445 0.38228946111111106 0.24929001481481483 0.33551925833333335 0.26332029351851854 0.30498078194444445 0.25858547407407406 0.265798625 0.2808946018518519 0.23276392083333333 0.3000907166666667 0.15467284166666667 0.30469845185185185 0.1478516513888889 0.31812609722222224 0.1625516597222222 0.31952412592592594 0.1356592638888889 0.23567524166666665 0 0.06567001666666668 0
2 0.32225976944444445 0.16482065694444445 0.41879771944444444 0.1965769708333333 0.4232934277777778 0.18557136944444447 0.5487246046296296 0.22984597222222222 0.6736611666666668 0.26641180138888887 0.631547699074074 0.5072648388888888 0.6506948361111111 0.5030080569444444 0.6879828518518518 0.2680214375 0.5567420962962963 0.22508495972222223 0.3229838388888889 0.1382714513888889 0.32225976944444445 0.16482065694444445
0 0.5958556814814815 0.020994820833333334 0.5894629351851851 0.03577733888888889 0.5778333074074075 0.048317516666666664 0.5662344990740741 0.054655536111111104 0.5550742018518519 0.0611454125 0.5351787212962963 0.06737153333333333 0.5245886268518518 0.06715573333333333 0.5186904527777778 0.07546789722222222 0.516405437962963 0.09331507777777778 0.5188431666666667 0.11348806944444445 0.5240394444444444 0.118739125 0.6155746296296296 0.1242060236111111 0.615477962037037 0.1338369486111111 0.5512621138888889 0.13092765555555555 0.6375477861111111 0.16149889305555554 0.6896716611111111 0.053912305555555554 0.5958556814814815 0.020994820833333334
0 0.3805310101851852 0 0.40531439444444445 0.07970002361111111 0.4818249296296296 0.10809945972222222 0.41748050277777776 0.04203253472222222 0.42951912129629627 0.030020379166666666 0.498283375 0.10047339861111111 0.5027939925925926 0.10013177361111111 0.5075344888888889 0.09415875416666666 0.5112582222222222 0.07692636527777778 0.5077431861111111 0.06334072222222221 0.49146439259259267 0.05810231666666667 0.4690826722222222 0.0491545375 0.45708317129629633 0.03896733888888889 0.441785087962963 0.024535724999999998 0.42744752870370367 0.0073400597222222225 0.42200143888888886 0 0.3805310101851852 0
0 0.3506371703703704 0 0.3921733537037037 0.10198549999999999 0.6430840990740742 0.18887646527777777 0.718755687962963 0.06666116805555555 0.6901365111111112 0.052692654166666665 0.6371606351851852 0.16342417916666666 0.5511136120370371 0.13228830972222222 0.532977161111111 0.12801399583333334 0.5235668907407407 0.12809916805555557 0.5163826212962963 0.13698073055555554 0.5021674555555556 0.13339557361111112 0.4940615657407408 0.1279133125 0.49118459351851856 0.11951615972222222 0.491298762962963 0.11357099722222222 0.4836954083333333 0.11093793888888889 0.4039743416666666 0.07734565416666667 0.38158738981481477 0 0.3506371703703704 0
0 0.32508008981481484 0 0.3756696537037037 0.11807356805555555 0.6525808203703704 0.2219693958333333 0.7443146462962963 0.073146275 0.7202534037037037 0.06312220277777777 0.6432951564814815 0.18789330416666666 0.3928050888888889 0.10114802083333334 0.35105305 0 0.32508008981481484 0
0 0.2562070611111111 0 0.32501222314814815 0.11994011666666665 0.35091869444444446 0.1281405986111111 0.34801640740740736 0.12164720972222223 0.35071584722222227 0.11771367916666667 0.35662921296296296 0.12010923055555556 0.36045289351851856 0.1224765986111111 0.3620520935185185 0.1272032777777778 0.35984525648148147 0.13095965694444445 0.3599575462962963 0.13100177500000001 0.3600661509259259 0.13103615416666667 0.35997120555555556 0.13100689861111112 0.5169040768518518 0.18987009583333334 0.5167142324074074 0.18354504444444444 0.5117197361111111 0.18424961388888889 0.508081662962963 0.1791646083333333 0.5069750675925926 0.17426078194444444 0.5107458166666667 0.17243694444444443 0.5155547074074074 0.1744500138888889 0.5183091962962962 0.17922903194444445 0.5172068361111112 0.18336789444444443 0.5172774101851851 0.18895616666666668 0.6712315537037037 0.242203375 0.6718835861111111 0.23796698333333335 0.669226212962963 0.23704672916666666 0.6661720722222222 0.23264242916666664 0.6670278648148148 0.22708216666666664 0.6713470148148147 0.2269045763888889 0.6749450814814815 0.22898725555555555 0.6774677462962962 0.23320750416666666 0.6759033222222223 0.23852236666666668 0.6720199916666667 0.23829310972222223 0.671449462962963 0.2419999513888889 0.693074050925926 0.24686695138888887 0.750361462962963 0.1783297597222222 0.7417124962962963 0.1494039361111111 0.7418957259259259 0.14935108333333333 0.7420486611111111 0.1495203513888889 0.7510649148148149 0.17835205972222223 0.7963867111111111 0.13232621111111112 0.7948696388888888 0.11237019722222222 0.8107779666666667 0.09844863611111113 0.7436159574074074 0.0727033138888889 0.6529431314814815 0.21914742361111111 0.3760427333333333 0.11831388472222222 0.32405102314814815 0 0.2562070611111111 0
0 0.23630852314814813 0 0.3208062379629629 0.13566544722222224 0.32622078240740743 0.11904290972222221 0.2576404861111111 0 0.23630852314814813 0
0 0.3206719796296296 0.13538794444444444 0.6930750851851851 0.2689454236111111 0.6941551435185185 0.24766469583333334 0.3253451462962963 0.11928874583333332 0.3206719796296296 0.13538794444444444
0 0.8136736648148148 0.0961814763888889 0.7906337814814816 0.11317766666666668 0.7952519 0.1314269 0.6940307361111111 0.24622350555555556 0.6910599416666666 0.2715571625 0.8559800990740741 0.11083229027777779 0.8136736648148148 0.0961814763888889