2 0.24674688796296299 0.6404571680555555 0.17475959722222223 0.08547214722222223 0.12704160925925925 0.09938530277777778 0.03235554166666667 0.18562866805555553 0.09037788981481482 0.6760290805555556 0.24533694722222224 0.6427953180555556 0.24674688796296299 0.6404571680555555
2 0.09200389722222223 0.6918805736111111 0.11765459444444445 0.917818626388889 0.2762511462962963 0.9238573069444445 0.2649846787037037 0.8109196375 0.24337875740740741 0.8121661291666666 0.22019158333333333 0.8092092125 0.2174384259259259 0.7979621125 0.2264800185185185 0.7877461124999999 0.24000922592592594 0.7781651819444444 0.24010043703703704 0.7528727958333333 0.25761083796296297 0.7460181097222223 0.24809966944444448 0.6618989347222222 0.09200389722222223 0.6918805736111111
2 0.05727914537037037 0.9500827861111112 0.1176266638888889 0.9178057583333333 0.09192969814814815 0.6918660486111111 0.03148925648148149 0.7128288430555555 0.05727914537037037 0.9500827861111112
2 0 0.4588493777777778 0.029104650000000003 0.6959763069444445 0.09046798611111112 0.676127361111111 0.03221930462962963 0.18562361111111111 0 0.18247838194444443 0 0.4588493777777778
2 0.31182422870370374 0.8006641347222222 0.28214528796296295 0.8074391388888889 0.2649309194444444 0.8108616180555556 0.27632475925925926 0.9239124291666667 0.3520461185185185 0.8783207652777777 0.34663734907407406 0.8451055652777778 0.34100093888888894 0.8237348097222222 0.33409509444444446 0.8063958291666667 0.32737122222222226 0.7959922013888888 0.31182422870370374 0.8006641347222222
2 0.4370373888888889 0.7505705 0.4089711 0.7653678819444445 0.3814407416666667 0.7774956513888889 0.3639637388888889 0.7841788097222222 0.3598348962962963 0.7945100902777779 0.3578798361111111 0.8093665430555556 0.35832025833333336 0.8331811041666667 0.3634077583333334 0.8724404819444445 0.463857225 0.8117165527777778 0.4501354740740741 0.7397930722222222 0.4370373888888889 0.7505705
2 0.316140687037037 0.7243021652777778 0.3486628388888889 0.7266103680555555 0.34918529814814814 0.7329026430555555 0.3727262074074074 0.7261852763888889 0.3902544722222222 0.7212942555555556 0.42074750092592594 0.715479223611111 0.42385513148148146 0.7138407888888889 0.4387515055555556 0.7089848069444444 0.4360705037037037 0.695020386111111 0.4418885314814815 0.6694283902777778 0.44139001666666666 0.6633258041666666 0.44809878796296293 0.6423518736111111 0.45745534444444447 0.6199808888888889 0.4518983138888889 0.586341338888889 0.24813879537037034 0.6618655569444445 0.2575958564814815 0.7460224777777777 0.316140687037037 0.7243021652777778
2 0.4463090675925926 0.5340503750000001 0.4488986037037037 0.5333865541666667 0.45373928333333335 0.5285090902777778 0.45919019537037037 0.5264637041666667 0.4659397888888889 0.527870575 0.468944425 0.5257175402777778 0.47001229166666664 0.5217576916666667 0.47965769999999996 0.5154793111111111 0.4849023592592593 0.5024573805555556 0.48903002870370366 0.5005241763888889 0.4982178018518519 0.5010377222222222 0.5078680138888888 0.49667339583333336 0.5179705157407407 0.49673780972222226 0.5221440138888889 0.48858881111111113 0.5396850990740741 0.4775455527777778 0.5685182759259259 0.47105410694444444 0.5772552703703704 0.4699660541666667 0.5846639472222221 0.47364348611111107 0.5873542083333333 0.4775109083333334 0.6226016064814814 0.4745307888888889 0.6326570388888888 0.47141649583333334 0.5901933324074075 0.11904419444444445 0.4343150509259259 0.09548824305555556 0.4343142111111111 0.09550079444444444 0.23254056296296297 0.068624925 0.17475959722222223 0.08547214722222223 0.24678129074074076 0.6405327847222222 0.4499589944444444 0.5703978583333333 0.4454333111111111 0.5366772388888889 0.4463090675925926 0.5340503750000001
2 0.31481099814814817 0.4427787319444444 0.5829095416666668 0.3920336569444444 0.5830676796296296 0.38913576527777777 0.5890126435185185 0.3876525472222222 0.5689810731481482 0.20887777638888888 0.4269949694444444 0.20480323194444444 0.42699986759259256 0.20473008472222223 0.29801927685185187 0.20058073888888892 0.2947769712962963 0.20371519305555555 0.28646975925925927 0.20248884027777778 0.28524572962962963 0.2043051277777778 0.31481099814814817 0.4427787319444444
2 0.8044852425925926 0 0.5902174055555556 0.11899015833333335 0.6327256268518519 0.47137673750000003 0.6354676277777778 0.471244775 0.6363418666666667 0.4724164291666667 0.6451822287037037 0.47131267777777774 0.6507425759259259 0.4730602152777778 0.6705205277777777 0.4639538194444444 0.6879998157407408 0.4643751902777778 0.6969957083333334 0.4710454194444444 0.7009722166666666 0.4897791666666667 0.8138113472222221 0.46015085 0.814083437037037 0.44485866388888895 0.8129310657407407 0.4414581708333333 0.8143695833333333 0.43516711527777774 0.815356075925926 0.4048937513888889 0.634285712037037 0.4584479208333333 0.6072892685185185 0.23355788749999998 0.9265101416666667 0.08573023333333334 0.9628720129629629 0.36181857638888887 0.9053210666666667 0.37850752083333333 0.9237683861111111 0.431653425 0.997943689814815 0.41191501527777774 0.9445649111111111 0 0.8044852425925926 0
2 0.717038551851852 0.562989775 0.7194706851851852 0.5763422527777778 0.7226919925925925 0.5849528819444444 0.7996713222222223 0.5785998861111111 0.8103627648148148 0.5790919763888889 0.8113721712962962 0.5425008402777778 0.8095640601851852 0.5362221194444444 0.8089413583333334 0.53114205 0.8100998092592592 0.5261194472222221 0.812140287037037 0.5225843666666666 0.8129286268518519 0.4891083472222222 0.811158837962963 0.48542417083333333 0.8106856453703704 0.48210505555555555 0.8129147305555555 0.4754134319444444 0.7026529 0.5030421833333334 0.7133813620370371 0.5494681166666667 0.717038551851852 0.562989775
2 0.8499167916666667 0.46599295555555553 0.8412188777777778 0.4684400458333334 0.8390858712962963 0.4931712263888889 0.8398938694444444 0.49391424305555554 0.8404335157407407 0.49624789027777777 0.8385903953703704 0.49758596666666666 0.8331761666666666 0.5583256916666667 0.8361383333333333 0.5601309333333333 0.8361699231481482 0.5640361402777778 0.8318803268518519 0.5693792055555555 0.8257548694444444 0.6310380166666667 0.8581009129629629 0.6641363777777778 0.857842662037037 0.6669449138888889 0.8843790120370371 0.6633276638888889 0.8499167916666667 0.46599295555555553
2 0.8831842444444444 0.6244595527777778 0.8948341370370371 0.6216512208333334 0.8837511148148148 0.48428427638888893 0.8792485231481482 0.4854867680555556 0.8781789083333333 0.48366557222222223 0.8760868203703703 0.482657375 0.8725955805555555 0.4822042375 0.8675627194444445 0.48385555555555554 0.8650990453703703 0.4864127388888889 0.8637424435185186 0.48956655833333335 0.8598068601851852 0.4906037277777778 0.8831842444444444 0.6244595527777778
2 0.8526744351851852 0.44999537083333335 0.8805278601851853 0.44233772777777774 0.875747187037037 0.39034122777777774 0.8746470805555555 0.38741683888888895 0.8473575407407408 0.3954509277777778 0.8462608157407407 0.41083745694444446 0.8526744351851852 0.44999537083333335
2 0.8951033425925925 0.438661875 0.8821231537037036 0.4062682625 0.8854916407407407 0.4413660541666667 0.8951033425925925 0.438661875
2 0.8987008240740741 0.6053818805555555 0.9041948833333333 0.6611398208333333 0.9835439064814815 0.6508427722222222 0.9005948555555555 0.45300255 0.8872054296296297 0.457011925 0.8892196481481481 0.4890535 0.8987008240740741 0.6053818805555555
2 1 0.42798996388888894 0.9288791601851851 0.44622202222222224 0.9977881212962963 0.6490826486111112 1 0.6488501388888889 1 0.42798996388888894
0 0 0.18247118611111113 0.03231039074074074 0.18562073055555556 0.12704160925925925 0.09938530277777778 0 0.13642688333333333 0 0.18247118611111113
0 0.4679036509259259 0 0.232865175 0.06853027777777777 0.43440922592592596 0.09530595 0.5901266657407408 0.11882613333333333 0.8040471509259258 0 0.4679036509259259 0