2 0.9188783333333334 1 0.974817601851852 0.628780413888889 0.7725617555555556 0.5702244638888889 0.748295650925926 0.7403954305555556 0.7570419138888889 0.7452368277777778 0.761500837037037 0.7277272666666667 0.7656889268518519 0.7185705763888889 0.8378733120370371 0.7577796472222222 0.8422128592592593 0.7625845513888889 0.8324254064814816 0.800519626388889 0.8400637333333333 0.8088852541666667 0.8522783555555556 0.8289738763888889 0.852386087037037 0.8410968347222223 0.8839662046296296 0.8372523722222222 0.8939062703703704 0.8497731763888888 0.8780544416666667 0.8832657611111112 0.8631074611111111 0.9350657138888888 0.8528583101851852 0.9869949791666667 0.8692777444444445 1 0.9188783333333334 1
2 1 0.37225520833333337 0.6829556555555556 0.3635365291666667 0.6793968796296297 0.3894214027777778 1 0.4091176083333333 1 0.37225520833333337
2 1 0.30092771805555557 0.4952544120370371 0.3274380416666667 0.4952625675925926 0.3273887180555555 0.3602477416666667 0.3340646013888889 0.35800187222222224 0.3506910152777778 0.3644380675925926 0.3519172666666667 0.36714305185185186 0.35459654027777776 0.42693080185185184 0.3562855402777778 0.4278623583333333 0.3515380763888889 0.4471450111111111 0.35244756388888887 0.46141017314814814 0.35680177777777783 0.46051128425925925 0.36679814861111115 0.45181466666666664 0.3615031263888889 0.42472123240740745 0.5682251013888889 0.4493066925925926 0.5828544430555556 0.4605766518518518 0.5736424916666667 0.4648857490740741 0.5843292597222222 0.47215370740740736 0.5850943930555556 0.47454340833333336 0.5874084583333333 0.47015907037037036 0.5955174763888889 0.4776515388888889 0.5992644625 0.4795370120370371 0.5844095 0.48719344629629624 0.5881252680555555 0.4864932509259259 0.5915665888888889 0.48959575370370373 0.5936710777777777 0.49261405740740744 0.585870325 0.49652365833333334 0.5890287902777778 0.4944547231481482 0.5953796152777777 0.49755983611111115 0.5997155416666666 0.5057048675925926 0.5804843944444444 0.5136789972222222 0.5827081666666666 0.5099731574074075 0.5923609833333333 0.519931325925926 0.5963326402777778 0.528219325 0.5565936416666666 0.5266204 0.5551278763888889 0.526944424074074 0.552841251388889 0.5311564481481481 0.5538655333333333 0.5317612944444444 0.5495971680555556 0.5063390453703704 0.5392610638888888 0.5123964472222222 0.49801422916666666 0.5374894453703704 0.5061740805555556 0.538528937962963 0.5010883222222222 0.5433879055555555 0.5027968597222222 0.5427335268518518 0.5081647347222222 0.5686246824074074 0.5159417500000001 0.5622495861111111 0.5586805819444445 0.5364753805555555 0.5515781708333333 0.5356303046296296 0.5552919541666667 0.5396326407407408 0.557046025 0.5394903722222222 0.5595499277777778 0.5372255120370371 0.5597837875 0.5344423212962963 0.6071730805555556 0.5318751472222222 0.6530379597222222 0.5406221138888889 0.6580574013888889 0.5485824805555555 0.6671279305555555 0.5496927027777778 0.6480437777777778 0.5523247898148148 0.6452184111111111 0.5880983712962963 0.6558268041666666 0.6303315055555555 0.36433163194444446 0.6202064046296296 0.3628902763888889 0.6203075657407408 0.3565691847222222 0.631888124074074 0.3570847972222222 0.6335287527777778 0.35204870972222224 0.669461837962963 0.3544261125 0.6726255055555556 0.35217364166666665 0.6839578574074074 0.3560376486111111 0.6840859925925926 0.3580853680555555 1 0.36343889861111117 1 0.30092771805555557
2 0.05739236018518519 0.18311369305555555 0.03558395648148148 0.3318240361111111 0.03822435092592593 0.3339523611111111 0.034177481481481475 0.360780775 0.031647070370370366 0.359606425 0.01740884722222222 0.4525092347222222 0.033684359259259264 0.45567634444444444 0.03380013888888889 0.4443895527777778 0.04932521851851852 0.3338781277777778 0.06423225648148148 0.31719685277777776 0.06753255 0.3186535194444444 0.04770101481481482 0.45926967361111115 0.06942473333333334 0.46412816805555557 0.07423034166666666 0.4794886638888889 0.10738448148148148 0.24308846805555556 0.09950710648148148 0.23967223194444445 0.09615768055555556 0.2408013375 0.08920292777777777 0.23574071805555555 0.09027387314814815 0.23000805694444446 0.10810287222222223 0.2380188222222222 0.10885842592592593 0.23451185972222222 0.15606497407407408 0.2560247763888889 0.15601664814814817 0.26001569861111107 0.2847331074074074 0.3188896236111111 0.28514849444444446 0.31656656944444445 0.3182972148148148 0.3320465236111111 0.3180168666666667 0.3340249222222222 0.32453235185185186 0.33610228611111115 0.3242737648148148 0.34157700694444443 0.31697583055555556 0.3401548263888889 0.29610956203703703 0.4892318777777778 0.30307156944444447 0.4954579388888889 0.3051718175925926 0.5037525236111111 0.30818889814814815 0.49036922499999996 0.3145267203703703 0.4815340805555556 0.3180247962962963 0.4866557208333333 0.32310708425925927 0.48181430694444444 0.32044980925925926 0.49570003194444445 0.3244218694444444 0.4932186055555555 0.32885071666666665 0.4935967847222222 0.34925327037037035 0.3508337083333333 0.3578862 0.35074298472222226 0.36015163703703706 0.33414759722222226 0.05739236018518519 0.18311369305555555
2 0.0138234 0.4897998736111111 0.007392707407407407 0.5335596611111111 0.05508951018518519 0.5406727958333333 0.061216663888888884 0.4990550694444445 0.0138234 0.4897998736111111
2 0.06381450833333334 0.4993666972222222 0.05786046481481482 0.5413840541666667 0.06347242222222223 0.5423122499999999 0.0706354111111111 0.5006803458333333 0.06381450833333334 0.4993666972222222
2 0 0.5423055 0.06886716388888889 0.06548455833333333 0.05245731111111111 0.05459075555555555 0 0.4247791222222222 0 0.5423055
0 0.060193060185185186 0 0.052561214814814815 0.05385751111111111 0.06909075092592593 0.06530497222222222 0.057388003703703706 0.1827531263888889 0.36023046851851853 0.3338133263888889 1 0.3002005930555556 1 0.14824712361111111 0.7424360222222223 0.06612675416666666 0.5350347435185185 0 0.060193060185185186 0
2 0.521948325925926 0.6489700777777778 0.5287240740740741 0.6523386680555555 0.5340635907407407 0.5642857819444445 0.521948325925926 0.6489700777777778
2 0.5125454805555556 0.6454543055555556 0.5181164175925926 0.647575725 0.5305193592592593 0.5600488430555556 0.5125454805555556 0.6454543055555556
2 0.5066316888888889 0.6863751597222222 0.5120638472222222 0.6976004722222222 0.5154745259259259 0.7019674347222222 0.5149689361111112 0.6933485236111111 0.5160853638888889 0.6862824069444444 0.5255842101851852 0.6777463430555556 0.5081431166666667 0.6740841847222222 0.5066316888888889 0.6863751597222222
2 0.49751086111111115 0.6751820166666667 0.502184037962963 0.676326775 0.5042825814814814 0.6818288416666667 0.5053727777777778 0.6725104791666666 0.4940106018518518 0.6681973958333334 0.49274690555555556 0.6771152291666667 0.49751086111111115 0.6751820166666667
2 0.49518766481481485 0.7062008722222223 0.492686387962963 0.6791672111111111 0.48834856851851854 0.7024668722222221 0.49518766481481485 0.7062008722222223
2 0.5174384685185185 0.6084183194444445 0.5140364703703704 0.6068682347222223 0.5129166240740741 0.6103895902777777 0.5103846175925926 0.6092720263888889 0.5089155203703705 0.6043046819444444 0.5050051083333333 0.6092633486111111 0.508611274074074 0.6101028486111111 0.5098377555555555 0.6131312069444445 0.5079171796296297 0.6150010361111111 0.5023284138888888 0.6113575097222222 0.5012952444444444 0.6164578625 0.49950781666666666 0.6414854236111112 0.5092521574074075 0.6442819861111111 0.5174384685185185 0.6084183194444445