2 0.07708333333333334 0.7569875777777778 0.06622023796296297 0.7192832152777778 0.07767857129629631 0.7101360041666667 0.10803571481481482 0.7237452694444444 0.10982142870370369 0.711920825 0.1245535712962963 0.6960805319444444 0.13318452407407405 0.6902798597222223 0.12886904722222223 0.6501213680555555 0.13377976203703704 0.6467748263888888 0.2098214287037037 0.6309345333333334 0.21264880925925927 0.6411972583333334 0.21458333333333332 0.6597147861111111 0.22380952407407406 0.6577068611111111 0.2236607148148148 0.48368672777777777 0.017708333333333333 0.47788605694444447 0.021279762037037037 0.8944188625 0.08735119074074074 0.8663079180555556 0.08452380925925926 0.8123170555555556 0.07708333333333334 0.7569875777777778
2 0.01804008888888889 0.2160389736111111 0.01804008888888889 0.25377066527777775 0.33985042777777774 0.33588974722222226 0.3399572648148148 0.3094606541666666 0.01804008888888889 0.2160389736111111
2 0 0.19415292361111114 0.006801909259259259 0.19518880277777775 0.018973747222222222 0.20359748472222222 0.018257756481481483 0.20699674027777779 0.33960720185185184 0.3037760986111111 0.3400163666666666 0.30181308749999997 0.3516366611111111 0.3015677111111111 0.3544189851851852 0.30475760555555553 0.3898963731481481 0.31363851666666664 0.39080310925925926 0.3190762125 0.4022020722222222 0.32218346805555553 0.4014248703703704 0.32839797777777774 0.3913212435185185 0.32665014583333335 0.39222797962962963 0.6249465930555556 0.4286902287037037 0.6257266375 0.43087318055555557 0.629311125 0.4293139296296296 0.6483244861111112 0.43835758888888887 0.64193475 0.4476091472222222 0.6397528888888888 0.45145530185185184 0.59408965 0.45530145555555557 0.5468679388888888 0.45311850277777777 0.5459328541666667 0.4533264037037037 0.5434392986111111 0.4574844074074074 0.5429717569444444 0.45717255740740737 0.5390755763888889 0.4309771305555556 0.5379846458333334 0.43066528055555553 0.4941915736111111 0.4570686074074074 0.4946591152777778 0.45717255740740737 0.4892044625 0.462162162037037 0.48904861527777777 0.4624740129629629 0.49434742083333333 0.488149687962963 0.4941915736111111 0.4883575888888889 0.5364261736111111 0.46205821203703706 0.5386080347222222 0.46205821203703706 0.5429717569444444 0.4663201666666667 0.5432834513888889 0.4663201666666667 0.5456211611111111 0.4645530148148148 0.5465562430555555 0.4671517666666667 0.5880116069444444 0.47744282777777775 0.5872323708333334 0.47515592500000003 0.5766347597222222 0.48326403333333334 0.5769464541666667 0.48856548888888884 0.598297525 0.4922037416666667 0.5950247333333333 0.4910602907407407 0.5881674555555556 0.4953222453703704 0.5862972875 0.4971933472222222 0.5948688861111111 0.5005197509259259 0.5937779555555556 0.500311850925926 0.5901934680555556 0.5083160083333332 0.5889466916666667 0.5081012657407408 0.6040650555555556 0.5159493666666667 0.6027366069444444 0.5127848101851852 0.5934374583333333 0.515443037962963 0.5919192305555556 0.5226582277777777 0.5934374583333333 0.5283544305555555 0.5843280888888889 0.5381012657407407 0.5968534722222223 0.5641772148148148 0.5902112236111111 0.5663291138888888 0.3795570569444444 0.5570886074074074 0.3820241777777778 0.5575949361111111 0.3719659166666666 0.5721518981481482 0.3721556944444444 0.5911392407407408 0.37727971388888887 0.5913924046296296 0.38221395694444443 0.6501077583333333 0.39920772361111106 0.653125 0.39743059583333334 0.6595905166666667 0.39823838055555555 0.659698275925926 0.3812748805555556 0.5285591768518519 0.33263814027777777 0.5285603175925926 0.3326889291666667 0 0.13493253333333335 0 0.19415292361111114
2 0.6726812814814814 0.5481239138888889 0.6762225972222222 0.5517898722222222 0.6755480601851852 0.5373788652777778 0.6798482296296297 0.5436994833333334 0.6839797638888888 0.5397807 0.6889544694444445 0.5503993361111111 0.6900505898148148 0.5644311069444444 0.693254637037037 0.5569727777777778 0.7009274879629629 0.5530539958333333 0.7011804388888888 0.4007271236111111 0.6938448564814814 0.39984223750000003 0.6943507592592593 0.39440650694444446 0.7010118046296296 0.39440650694444446 0.7010118046296296 0.3923839097222222 0.7355817879629629 0.38758024027777777 0.7356661046296297 0.38998207500000004 0.8697301851851852 0.3725371722222222 0.8702360879629629 0.36861838888888887 0.9193929175925926 0.36229777222222226 0.9196458685185185 0.36596373055555553 0.9381956157407407 0.36368830694444443 0.9384485666666667 0.3696296875 0.9309443509259259 0.3724107597222222 0.9278246203703704 0.37026175 0.9196458685185185 0.3711466361111111 0.9193086009259259 0.6127206208333333 0.9261382796296296 0.599194501388889 0.9480607083333333 0.6012170986111111 0.9481530342592592 0.4574889333333333 0.9515831138888889 0.4570933527777778 0.9638522425925927 0.4780591236111111 0.9637203166666666 0.5909973763888888 0.9622691296296295 0.6020736333333333 0.9786279685185185 0.6040515361111111 0.977577937962963 0.5087384361111111 0.9749400481481482 0.5090979694444445 0.9747002398148149 0.48159373472222217 0.977577937962963 0.4803353722222222 0.976858512962963 0.3280733736111111 0.6597807759259259 0.3813860347222222 0.6596964583333333 0.3983252888888889 0.668128162037037 0.40110636111111114 0.6682967962962962 0.5471126152777778 0.6726812814814814 0.5481239138888889
2 0.9293258425925927 0.6359179958333333 0.9295505620370371 0.6785371361111111 0.9771910111111111 0.686454525 0.9769662916666667 0.6416454694444444 0.9293258425925927 0.6359179958333333
2 0.9198876407407407 0.6345703555555555 0.9211235953703704 0.6775264055555555 0.9267415731481482 0.6783686805555555 0.9267415731481482 0.6354126305555555 0.9198876407407407 0.6345703555555555
2 0.9995 0.2038980513888889 0.9819387759259259 0.20943609861111112 0.9835714287037037 0.8360615611111112 0.9995 0.8433283361111111 0.9995 0.2038980513888889
0 0 0 0 0.13418290833333332 0.65975 0.38103448333333334 0.9769127518518518 0.3277220444444444 0.9817449666666667 0.20919070694444444 0.9995 0.2031484263888889 0.9995 0 0.32299999999999995 0 0 0
2 0.4507882888888889 0.6400515958333334 0.4578828833333333 0.6388697541666667 0.4577702703703704 0.5522576555555556 0.4507882888888889 0.6400515958333334
2 0.46182432407407403 0.6387009194444444 0.4675675675925926 0.6383632513888888 0.46182432407407403 0.5492186347222222 0.46182432407407403 0.6387009194444444
2 0.45686936944444445 0.6927279597222222 0.4608108111111111 0.6895201055555555 0.4676801796296296 0.6802342069444444 0.46790540555555554 0.6677404541666666 0.45033783796296295 0.665883275 0.4584459462962963 0.6771951861111111 0.45855855833333337 0.6844550694444445 0.45686936944444445 0.6927279597222222
2 0.47342342314814817 0.6717924819444444 0.47815315277777776 0.6721301513888889 0.48254504537037035 0.6755068416666667 0.48254504537037035 0.6663897777777777 0.4708333333333333 0.6670651166666667 0.47060810833333333 0.6765198472222222 0.47342342314814817 0.6717924819444444
2 0.48231982037037036 0.6775328555555556 0.47612612592592596 0.7031957 0.48333333333333334 0.7016761888888889 0.48231982037037036 0.6775328555555556
2 0.4763157898148148 0.6100188763888889 0.47469635648148145 0.6075909416666667 0.4763157898148148 0.6050112597222222 0.47995951388888886 0.6053147513888889 0.476821862962963 0.5992449125 0.47469635648148145 0.6036455458333333 0.4720647777777778 0.6039490375 0.4714574898148148 0.6001553875 0.46791497962962963 0.600610626388889 0.4709514166666666 0.6382436305555556 0.48087044537037044 0.6385471236111111 0.48259109259259264 0.6135090347222222 0.4822874490740741 0.608197925 0.4763157898148148 0.6100188763888889