0 0.18953124999999998 0.05520833333333333 0.33953125 0.10416666666666667 0.34500000000000003 0.09270833333333334 0.38093750000000004 0.090625 0.3825 0.08333333333333333 0.3559375 0.05625 0.366875 0.046875 0.38484375000000004 0.07291666666666667 0.38953125 0.059375 0.39656250000000004 0.06354166666666666 0.40046875000000004 0.07708333333333334 0.42859375 0.07291666666666667 0.43015625 0.08125 0.41375 0.09270833333333334 0.44343750000000004 0.121875 0.43640625 0.13020833333333334 0.40750000000000003 0.10833333333333334 0.4090625 0.125 0.40518255 0.12437293611111111 0.54421875 0.16875 0.6153125 0.19166666666666668 0.623125 0.18125 0.6285937500000001 0.25729166666666664 0.6496875 0.24791666666666667 0.6520312500000001 0.24583333333333332 0.6521493212962963 0.14781297222222223 0.6320701361111112 0.13800905 0.6524321259259259 0.11802413333333334 0.6528125 0.10104166666666667 0.754375 0.0010416666666666667 0.26125 0 0.1809375 0.0010416666666666667 0.18953124999999998 0.05520833333333333
2 0.92125 0 0.9283333333333333 0.19962963055555558 0.9352777777777778 0.20541666666666666 0.9509027777777777 0.23435185138888887 0.9543749999999999 0.2493981486111111 0.9352777777777778 0.29685185138888887 0.9118402777777778 0.3026388888888889 0.8892708333333333 0.27023148194444446 0.8875347222222223 0.24129629722222223 0.9048958333333333 0.21467592638888888 0.9170486111111111 0.19384259305555554 0.9153125 0.005185184722222222 0.89625 0 0.755901287962963 0.0007153083333333333 0.6532805425925926 0.10143288194444446 0.6531597222222223 0.3223148152777778 0.6375347222222223 0.3304166666666667 0.6937688546296296 0.39498638194444446 0.6935131203703704 0.39552964027777776 0.8241666666666667 0.5306481486111111 0.8311111111111111 0.5179166666666666 0.8371875 0.5190740736111111 0.8354513888888889 0.5908333333333333 0.8423958333333333 0.5931481486111111 0.8458680546296297 0.6174537027777778 0.8710416666666667 0.6278703694444444 0.8710416666666667 0.6510185180555556 0.9109722222222223 0.6672222222222222 0.9048958333333333 0.6880555555555555 0.9987500000000001 0.7166666666666667 0.9987500000000001 0 0.92125 0
2 0.13404977407407406 0.24736048333333333 0.12217194629629631 0.25113122222222223 0.40172668796296296 0.2944787236111111 0.4020114935185185 0.23409961666666668 0.13404977407407406 0.1734539972222222 0.13404977407407406 0.24736048333333333
2 0.8172222222222223 0.6683796305555556 0.6253819453703704 0.41027777777777774 0.6279861111111111 0.29685185138888887 0.62625 0.2829629638888889 0.4063218388888889 0.2367816097222222 0.40775862129629625 0.29386973194444443 0.42244458796296297 0.2993875763888889 0.4082541564814815 0.29334916805555555 0.5463182898148149 0.31551860694444445 0.5484234240740741 0.3593593597222222 0.5704732509259259 0.35665294999999997 0.6003086425925926 0.36419753194444443 0.6167695472222222 0.37722908194444443 0.6177983537037037 0.6570644722222222 0.8146180546296297 0.7528703694444445 0.8172222222222223 0.6683796305555556
2 0 0 0 0.10166666666666667 0.015476189814814816 0.12010581944444444 0.03690476296296296 0.16031745972222222 0.05317460370370371 0.21534391527777777 0.06428571388888889 0.27354497361111113 0.0678571425925926 0.32169312222222224 0.06984127037037037 0.3571428569444444 0.0892857138888889 0.3687830680555556 0.08769841296296296 0.3783068777777778 0.07976190462962963 0.37671957638888887 0.07976190462962963 0.5730158736111112 0.08730158703703704 0.5756613749999999 0.0892857138888889 0.5962962972222222 0.08531746018518518 0.6031746027777778 0.07936507870370371 0.6042328055555556 0.08412698333333334 0.6973544972222222 0 0.7916666666666666 0 0.8566666666666666 0 0.99 0.11888111851851851 0.7733100236111111 0.12194056018518519 0.25 0.13286713240740738 0.24650349722222223 0.13374125833333333 0.17249417222222221 0.14641608333333334 0.17307692361111113 0.1472902101851852 0.053030302777777774 0.1350524472222222 0.04836829861111111 0.13680069907407408 0.03962704027777778 0.1595238101851852 0.04338624305555556 0.16 0 0 0
2 0.4016079638888889 0.2953037263888889 0.3866768759259259 0.2968351194444444 0.3787251648148148 0.3107064013888889 0.33816225092592594 0.30298013194444445 0.2839403972222222 0.29746136805555556 0.2541390722222222 0.3112582777777778 0.23468542962962963 0.3394039736111111 0.22930463611111113 0.3813465777777778 0.22972972962962962 0.7459459472222223 0.4854729722222222 0.6927927930555555 0.48655378518518516 0.3877822055555556 0.4765936250000001 0.3539176638888889 0.4596613546296296 0.33067729166666665 0.4381699851851852 0.3198060236111111 0.43644716759259256 0.3157223069444445 0.43139555 0.3093830236111111 0.43645357592592593 0.3158295277777778 0.4506559287037037 0.3653168347222222 0.4159056314814815 0.37569761527777773 0.37747336388888886 0.3688483 0.3599695583333334 0.3500761027777778 0.3786149166666667 0.3110096402777778 0.3867960425925926 0.29705733194444445 0.4016079638888889 0.2953037263888889
2 0.23465346481481483 0.3392739263888889 0.2539603962962963 0.3112211222222222 0.28366336666666664 0.2970297027777778 0.3383663361111111 0.30264026388888887 0.37943451666666667 0.3105097527777778 0.38633241759259257 0.29578754444444444 0.38657593333333334 0.2957731152777778 0.38679245277777774 0.29531160694444447 0.3943638916666667 0.29531160694444447 0.4005178685185185 0.29494692638888886 0.4014968 0.29482606944444445 0.12208879166666667 0.2506065013888889 0.11955445462962963 0.7726072597222223 0.2292079212962963 0.7481848180555556 0.2287128712962963 0.38184818472222226 0.23465346481481483 0.3392739263888889
2 0.48635857499999996 0.6967334819444444 0.5489977722222222 0.6844840388888889 0.5481625833333333 0.3589458055555556 0.5464922046296297 0.31551596111111113 0.40806092129629634 0.29370975694444446 0.4085580212962963 0.29390614305555557 0.40866209259259256 0.2938822180555556 0.4234562611111111 0.2990280166666667 0.4235292129629629 0.29911883055555555 0.4237193759259259 0.29918336944444446 0.42474131666666665 0.30062771388888887 0.43629271851851853 0.3150074305555556 0.4284768333333333 0.30590724305555556 0.43763919907407406 0.3188567180555556 0.4599109138888889 0.32925018472222223 0.4768930962962963 0.3533778763888889 0.48691536759259263 0.3882702305555556 0.48635857499999996 0.6967334819444444
2 0.5939189185185185 0.6453453444444445 0.6177927925925927 0.6582582583333333 0.6166666666666667 0.3768768763888889 0.5941441435185185 0.3849849847222222 0.5939189185185185 0.6453453444444445
2 0.5551164722222223 0.4395452013888889 0.5557404324074073 0.6247920138888889 0.5938019962962963 0.6195230166666666 0.5940285203703703 0.43909685138888893 0.5551164722222223 0.4395452013888889
2 0.5520684740740741 0.6229196388888889 0.5552781740740741 0.6243461722222222 0.5547432240740742 0.43794579166666664 0.5748752074074074 0.3968386013888889 0.5941512129629629 0.4308131236111111 0.5939728962962962 0.38492629444444443 0.5779243935185185 0.37446505 0.5531645574074074 0.38396624444444444 0.5520684740740741 0.6229196388888889