2 0.7456130490740741 0.780498236111111 0.744810312962963 0.7911899916666667 0.6934352268518518 0.780498236111111 0.6926324916666666 0.7537688444444445 0.7440075787037037 0.7623222486111112 0.744810312962963 0.7783598847222223 0.7737088 0.7847749388888889 0.7721033277777778 0.6318828194444445 0.7712896277777778 0.6319370069444444 0.7680896500000001 0.3357211597222222 0.9840255592592592 0.3154068208333333 0.9824200879629631 0.28867742916666667 0.9976720666666667 0.28653907916666665 0.9976720666666667 0.10905591666666666 0.4445871537037037 0.23308029583333334 0.4451975620370371 0.23545679305555553 0.34344245185185185 0.2598096875 0.34344245185185185 0.8307494916666667 0.7745115351851851 0.9419437611111111 0.7745115351851851 0.7858441152777778 0.7456130490740741 0.780498236111111
2 0.9856310305555555 0.7249011027777779 0.9679708453703705 0.723831925 0.9663653740740741 0.7003100611111112 0.9751954666666667 0.7003100611111112 0.9751954666666667 0.7110018166666667 0.9856310305555555 0.7131401680555556 0.9824200879629631 0.3464129152777778 0.7881580435185185 0.36245055138888893 0.7953826648148148 0.7783598847222223 0.9888419731481481 0.8082968027777778 0.9856310305555555 0.7249011027777779
0 0.9973632555555555 0.11148423472222221 0.9983255703703704 0.0038195347222222224 0.9376996805555555 0.0025378111111111113 0.8549405287037037 0.008946423611111112 0.7519727472222223 0.038426044444444446 0.6307209666666667 0.07944116805555555 0.5325647638888888 0.12814662916666666 0.3660841453703704 0.17557036527777778 0.1668847925925926 0.19479620694444444 0.34202625277777776 0.2576006152777778 0.4440317175925926 0.23324788472222224 0.9973632555555555 0.11148423472222221
0 0.29294815 0.16659830833333333 0.12870608611111112 0.08579424027777778 0.12832800833333333 0.08439716388888889 0.0013664888888888888 0.02176365138888889 0 0.11489361666666667 0.15918626481481482 0.1768520888888889 0.29294815 0.16659830833333333
2 0 0.9978723402777777 0.027156549074074075 0.9978723402777777 0.019650487037037034 0.13455524305555555 0.1668847925925926 0.19479620694444444 0.16014858148148148 0.17813381250000002 0 0.11489361666666667 0 0.9978723402777777
0 0.29095327777777774 0.0009092555555555556 0.28685726851851856 0.005455538888888889 0.29641462592592593 0.0163666125 0.29786927314814815 0.03252812916666666 0.3090794074074074 0.03732736111111111 0.3525096212962963 0.08376658472222222 0.4445536712962963 0.051827604166666666 0.4964364712962963 0.031823968055555554 0.5734824277777778 0 0.3134813351851852 0.0018185125 0.3032413101851852 0.010911075 0.29095327777777774 0.0009092555555555556
0 0.22140014537037037 0.0133312 0.22099978425925926 0.021863168055555555 0.12935447962962965 0.0025378111111111113 0.2358937 0.06498709166666666 0.294711725 0.09792575555555556 0.31211599814814817 0.09274413611111111 0.33669206203703705 0.10911074722222222 0.36741214074074074 0.10001818472222222 0.36547552685185186 0.09828152361111112 0.33630401944444444 0.10878259583333334 0.2662406824074074 0.047459072222222225 0.25663199537037035 0.04532608055555555 0.23861570925925926 0.036794112500000004 0.23140919351851852 0.02879539305555556 0.2278059361111111 0.014930944444444445 0.22140014537037037 0.0133312
0 0.23522531296296298 0.06765779305555555 0.11960350648148148 0 0.0008192027777777778 0.0018185125 0.0008192027777777778 0.022731406944444445 0.29846263055555555 0.16730314722222223 0.2957319564814815 0.09819967222222223 0.23522531296296298 0.06765779305555555
0 0.6309221481481482 0.08001454861111111 0.7517544583333333 0.03727950694444444 0.8555200574074074 0.00909256111111111 0.9388056037037037 0.0018185125 0.6363834953703703 0.0009092555555555556 0.5824526916666667 0.0272776875 0.51418585 0.06092016805555556 0.3919882027777778 0.10274595277777777 0.297779962037037 0.11729405277777778 0.2991452990740741 0.16730314722222223 0.16056361203703703 0.17457719583333334 0.16670762592592595 0.19458083194444445 0.36741214074074074 0.17548645138888888 0.5333005657407407 0.12729587222222222 0.6309221481481482 0.08001454861111111
0 0.36946014537037036 0.10183669722222223 0.36946014537037036 0.09638115972222222 0.45881860555555554 0.06729658055555555 0.5380792444444444 0.03727950694444444 0.6015674074074074 0.0009092555555555556 0.5742606694444444 0.0009092555555555556 0.3535297490740741 0.08368200833333334 0.36809480833333336 0.10092744027777777 0.3360093925925926 0.10820149166666666 0.3175773462962963 0.09547190416666668 0.2943666194444445 0.09910892916666666 0.297779962037037 0.11911256527777779 0.33669206203703705 0.10820149166666666 0.36946014537037036 0.10183669722222223
0 0.6038338657407407 0 0.5369187074074074 0.03745731527777778 0.4580325796296296 0.06635145694444444 0.3682996101851852 0.09655897083333333 0.3357590814814815 0.10837930277777777 0.3170236259259259 0.0913054888888889 0.2958043166666667 0.09866434027777778 0.2978200175925926 0.11879991944444446 0.33662228796296295 0.11007450277777778 0.3930619518518519 0.10403382777777778 0.517197175925926 0.05978460694444444 0.5842503851851851 0.028263725 0.6357827472222222 0 0.6038338657407407 0