2 1 0.28186566944444447 0.4860366268518519 0.2212236638888889 0.48627499351851855 0.22374521944444442 0.38347572129629626 0.21313907083333333 0.29785338055555555 0.769445725 0.6642581074074074 1 0.7047762518518519 1 0.7246085324074074 0.8711454375 0.6972524194444444 0.8561854555555556 0.6948668435185185 0.8663323180555556 0.6464119120370371 0.8385792722222222 0.649638287037037 0.8122640888888889 0.6984139027777778 0.8379335888888889 0.6967909407407408 0.8538310458333334 0.723986712962963 0.8698328000000001 0.7453512175925926 0.7203175666666667 0.7445502462962963 0.7200958013888888 0.7858549953703704 0.4303921902777778 0.9993029694444443 0.4834610222222222 1 0.4758793222222222 1 0.28186566944444447
2 0.93137285 0.8659374361111112 0.9412202685185185 0.8715422180555555 0.9930887435185186 0.5131307027777778 0.801400500925926 0.4632081180555555 0.7460671268518518 0.8708955013888888 0.9300785240740741 0.9653434513888889 0.9394565120370371 0.8830017208333334 0.9224092981481482 0.8760009305555556 0.924372487037037 0.8525402013888889 0.9329762648148149 0.8555197097222222 0.93137285 0.8659374361111112
0 1 0.162691075 0.9194854388888889 0.1412984638888889 0.8147357342592593 0.13527845833333335 0.6904406981481482 0.13432879305555556 0.5874960027777778 0.14866542361111112 0.41817025925925927 0.13869870694444444 0.22119312407407407 0.09021663472222223 0.38242710740740743 0.21050875416666667 0.4854702944444444 0.2211995375 1 0.2840292652777778 1 0.162691075
0 0.12674151018518517 0 0.21638294074074074 0.07013473472222222 0.34825425000000004 0.1052785736111111 0.23217581574074073 0 0.12674151018518517 0
2 0.0638040101851852 0 0 0.4145482944444444 0 0.5811312388888888 0.08413720277777778 0 0.0638040101851852 0
0 0.3923502185185185 0 0.4187112203703704 0.04466744583333333 0.5131859925925926 0.044605168055555554 0.5667389324074074 0.042620859722222224 0.646582762962963 0.037609891666666666 0.5356205249999999 0 0.3923502185185185 0
0 0.320987862962963 0 0.36027126666666665 0.03896117222222222 0.37800654351851853 0.03978502083333334 0.39949826666666666 0.06402477361111111 0.43079457962962964 0.065531025 0.4291680435185185 0.06318540972222222 0.3991693814814815 0.06357409722222222 0.35413695 0 0.320987862962963 0
0 0.2336150185185185 0 0.3535216925925926 0.10782608055555555 0.3612242712962963 0.039572320833333334 0.3183395638888889 0 0.2336150185185185 0
0 1 0.16185824444444444 0.7077353212962963 0.059720336111111105 0.6512323564814815 0.06721525972222223 0.5796699148148148 0.07696043888888889 0.4543316824074074 0.07648149722222222 0.3603562527777778 0.058868365277777786 0.35418686388888887 0.10805643055555555 0.21806614629629628 0.06838290138888889 0.2210527972222222 0.0899469986111111 0.4194768018518518 0.13906504444444442 0.5883405324074075 0.14808475138888888 0.6905507351851852 0.13495536111111112 0.8146949833333333 0.13408765 0.9200281990740741 0.14163640416666667 1 0.16207149444444444 1 0.16185824444444444
0 0.6738115675925926 0.04797246250000001 0.6472046990740741 0.03875844305555555 0.4197178861111111 0.044929255555555554 0.43132339166666667 0.06664732638888889 0.39896945277777773 0.06290847222222222 0.3829188416666667 0.044285680555555554 0.3597575694444445 0.03999757222222222 0.3600835351851852 0.06064026944444445 0.3996346259259259 0.06313882222222222 0.4325173768518518 0.06799398055555556 0.4333355296296296 0.06267826805555556 0.5247654759259259 0.06449104444444444 0.6064962509259259 0.06198795277777778 0.6738115675925926 0.04797246250000001
0 0.39869889166666667 0.06299726388888889 0.3830041388888889 0.04003920972222222 0.36122509166666666 0.04004949583333333 0.3601694509259259 0.06034915277777778 0.3992857490740741 0.06494028472222223 0.45518477222222226 0.07809867499999999 0.5827743583333334 0.07687008333333334 0.6528361018518518 0.06878261527777778 0.7072863287037037 0.05863167638888889 0.6761562953703704 0.04785127361111111 0.6053387935185185 0.061769606944444444 0.5241413333333333 0.06330491805555555 0.4321780722222222 0.06245992638888889 0.39869889166666667 0.06299726388888889