2 0.2517858925925926 0.34253511805555553 0.27429739166666667 0.535425436111111 0.2808507185185185 0.5342295680555555 0.2848713203703704 0.5487660777777777 0.23395924814814814 0.6380590236111111 0.2743424268518519 0.6247004708333334 0.2909305555555555 0.6741162180555555 0.29388399722222225 0.6926592097222222 0.3131338009259259 0.6818985013888889 0.3109940583333333 0.6611382458333334 0.3385965037037037 0.6511101763888889 0.32963715 0.618082225 0.33304935185185186 0.5976831986111111 0.3124464472222222 0.600126375 0.31833119907407403 0.5754424041666667 0.32171194537037034 0.5526765361111111 0.3387858888888889 0.5484902819444445 0.34667536944444444 0.5711381069444444 0.3576353129629629 0.5877426416666667 0.3391992064814815 0.5962860861111111 0.3475247925925926 0.6116787083333333 0.34758304074074076 0.6461139513888889 0.35256399814814815 0.6569377319444444 0.3754056722222222 0.6526537902777778 0.38050351944444444 0.6622554819444444 0.38296700833333336 0.6706452611111111 0.37847147314814816 0.6763120541666667 0.38242734444444443 0.7068388472222222 0.41051534166666664 0.6899371597222222 0.4048106518518519 0.6714043458333333 0.4018931972222222 0.6488908361111111 0.40879837222222226 0.6342054083333334 0.42539582499999995 0.6242180472222223 0.39111915555555554 0.34909023749999996 0.2517858925925926 0.34253511805555553
2 0.2122673175925926 0.8097368347222222 0.20244892685185187 0.7436071333333334 0.19382557592592595 0.7098285444444444 0.12338023796296295 0.8388877041666667 0.10958428333333334 0.8249434124999999 0.11577256574074074 0.8148743708333334 0.0540571712962963 0.3317508513888889 0.03244677314814815 0.32682887777777775 0.10180076944444444 0.8785978583333334 0.2122673175925926 0.8097368347222222
2 0.5828851481481481 0.2362446513888889 0.3911078055555556 0.34892405833333334 0.42565734537037037 0.6238151708333334 0.4324079842592593 0.6199752263888889 0.4253357972222222 0.5883474236111111 0.4405914861111111 0.5841666944444444 0.44480765370370373 0.5722421986111111 0.5027180962962964 0.5622708972222222 0.6131013518518519 0.534696601388889 0.7056681527777778 0.5101151708333334 0.8337765388888889 0.4833591277777778 0.8472549351851852 0.4943607708333333 0.8512518814814815 0.5148702027777777 0.8500433175925926 0.5417140347222222 0.8645715703703704 0.5504829208333334 0.867053875 0.5748056152777778 0.8570802444444444 0.5960168166666667 0.8630290564814814 0.6496735319444444 0.871072387037037 0.6497366486111111 0.869612700925926 0.6048859541666667 0.8790886416666667 0.6030863750000001 0.8742715564814816 0.5736644777777778 0.8840099611111112 0.5713067097222222 0.8870285351851852 0.5222603097222223 0.9319967805555556 0.5308237208333334 0.928923412962963 0.6001159319444445 0.9518450018518518 0.5987309638888889 0.9548087833333332 0.5699303736111111 0.9610203777777778 0.5661926055555556 0.9419102666666667 0.5091483930555556 0.9428125972222222 0.4876921402777778 0.9520481166666668 0.4556179083333333 0.9091247907407407 0.46283479166666663 0.8917094351851852 0.4602059916666667 0.9076158222222223 0.43052169583333333 0.9172123703703704 0.37281407499999997 0.930834287962963 0.36743438888888885 0.9358892777777778 0.35039909027777777 0.9462911861111111 0.3620383888888889 0.918003837962963 0.06902462638888889 0.9352422425925927 0.049486784722222225 0.9334879657407408 0.012855618055555556 0.5828768175925926 0.23619459444444446 0.5828851481481481 0.2362446513888889
2 0.7007681657407407 0.2892702333333333 0.5994192611111111 0.3355991888888889 0.5986654287037038 0.3310693611111111 0.5994538749999999 0.3358663 0.5021599074074075 0.3808863986111111 0.5206432444444444 0.5130361722222223 0.7230497175925926 0.4555507555555555 0.7007681657407407 0.2892702333333333
2 0 0.4906767069444445 0.0437629074074074 0.8215607638888888 0.08252165833333333 0.7633758152777778 0.03346755277777778 0.37876715972222225 0.022015823148148147 0.35983323055555555 0.008487077777777777 0.3851979541666667 0 0.3863868944444444 0 0.4906767069444445
2 0.09561459814814816 0.6558031 0.1986321027777778 0.5014144694444445 0.06192738703703704 0.3922017347222222 0.09561459814814816 0.6558031
2 0.09700506481481481 0.8744809208333333 0.1014493638888889 0.8782239097222223 0.032250892592592596 0.32660431805555556 0.027689648148148147 0.33253489861111113 0.09700506481481481 0.8744809208333333
0 0.46790364907407406 0 0.2740054796296297 0.056534979166666666 0 0.13642688472222222 0 0.3849327736111111 0.007985574074074075 0.3834403111111111 0.0287959287037037 0.3472722833333333 0.027364775 0.3323660513888889 0.03236725462962963 0.32601903055555553 0.05401409074074074 0.3310556263888889 0.24460951759259256 0.3458284597222222 0.2515121694444445 0.3421162194444444 0.39118442314814816 0.3484945736111111 0.5828400638888889 0.23583663055555554 0.9332135120370371 0.012089197222222221 0.9332462296296297 0 0.46790364907407406 0
2 0.2527880898148148 0.41547100555555555 0.25957731666666667 0.4134914680555556 0.2512810601851852 0.34267430972222224 0.24477662407407405 0.3468515222222222 0.2527880898148148 0.41547100555555555
2 0.26805738055555556 0.5387386347222223 0.2739778259259259 0.5354919361111111 0.2628883462962963 0.44040140277777773 0.256470225 0.4425261486111111 0.26805738055555556 0.5387386347222223
2 0.5800745555555555 0.3747809555555556 0.5928859148148148 0.4629297930555556 0.6316219953703703 0.451136125 0.6315596388888889 0.4506549347222222 0.6784703824074074 0.43497966250000003 0.6679833333333334 0.3406600458333333 0.5800745555555555 0.3747809555555556
2 0.6188728268518519 0.39293140972222224 0.6102105777777778 0.40644322777777775 0.6085891601851852 0.423395225 0.6144507777777778 0.4391641333333333 0.6229315083333333 0.4456800791666667 0.6309360805555556 0.4458430361111111 0.6421436574074073 0.4385802708333334 0.6475462592592592 0.42402138749999996 0.6479375361111112 0.4029337236111111 0.6381869990740741 0.38929745138888894 0.6278638305555556 0.3873136722222222 0.6188728268518519 0.39293140972222224
2 0.574939650925926 0.46858563194444447 0.5626562240740741 0.3907399777777778 0.5448659268518519 0.39276829166666666 0.5562807425925925 0.4733240611111111 0.574939650925926 0.46858563194444447
2 0.5705131888888888 0.4344273722222222 0.581649562037037 0.4318822944444444 0.5851078296296297 0.464216975 0.5904269972222222 0.4619641055555555 0.5813907361111111 0.4035284569444444 0.5664930953703704 0.4071702125 0.5705131888888888 0.4344273722222222