2 0.6152441120370371 0.6410106888888889 0.6120017185185185 0.6608357625 0.6417236564814814 0.6693877541666666 0.6417236564814814 0.6382896013888889 0.6365898666666667 0.6340136055555555 0.6379408638888889 0.6250728861111111 0.6417236564814814 0.6141885319444444 0.6646906083333334 0.6118561708333333 0.6682032009259259 0.599805636111111 0.6638800101851852 0.5659863944444444 0.6700945972222223 0.5484936833333334 0.6509104370370371 0.5453838680555555 0.6595568194444444 0.5259475208333333 0.6644204083333333 0.501457725 0.6817131722222223 0.5006802722222222 0.6879277592592593 0.5220602527777778 0.6968443407407408 0.5446064138888889 0.6763091833333333 0.5481049555555555 0.6822535712962963 0.5671525749999999 0.6776601805555555 0.6021379986111111 0.7060311212962963 0.6040816319444444 0.7065715212962963 0.6250728861111111 0.7268364777777777 0.6301263361111111 0.7273768768518519 0.6110787166666667 0.7373742555555556 0.5578231291666667 0.7787147694444444 0.5593780375 0.7173794972222223 0.4862973763888889 0.7194770981481481 0.4708771930555556 0.7260621435185185 0.4701754388888889 0.723623237962963 0.27438596527777775 0.5876837694444444 0.32069970833333333 0.5890347666666667 0.6005830902777778 0.6065977296296297 0.6056365402777778 0.6152441120370371 0.6180758013888888 0.6152441120370371 0.6410106888888889
2 0.9245774305555555 0.7072310402777777 0.9128087444444445 0.724867725 0.8272405870370371 0.6183421513888889 0.8230725101851852 0.6539682527777778 0.8218466055555556 0.7216931208333334 0.9390431074074074 0.7576719569444444 0.9369345518518518 0.1961904763888889 0.9163473018518519 0.20720720694444444 0.9172220018518519 0.6991181652777777 0.9245774305555555 0.7072310402777777
2 0.04435889537037037 0.4923076916666667 0.05308910277777778 0.4779050736111111 0.060218211111111114 0.49318057916666663 0.07427418333333333 0.4945626486111111 0.09103517129629629 0.5484633569444445 0.11042533425925925 0.5730496458333334 0.0936643462962963 0.5806146569444445 0.05061161203703704 0.5858156027777778 0.06375748425925926 0.6146572111111112 0.06737259999999999 0.6354609930555556 0.05586996111111111 0.6969267138888889 0.06244289814814814 0.6988179666666666 0.06901583425925926 0.7262411347222222 0.09169246481481481 0.721040188888889 0.07986117962962963 0.6539007097222223 0.12291391388888889 0.632624113888889 0.132116025 0.6799054375 0.1419754296296296 0.6794326236111111 0.14098948981481482 0.7096926722222222 0.15052024814814816 0.7087470458333333 0.1547926574074074 0.7531914888888889 0.16268018055555555 0.7508274222222222 0.16169423981481482 0.6964539013888889 0.1492056611111111 0.6784869972222222 0.14854836666666665 0.6539007097222223 0.16169423981481482 0.6411347513888889 0.15709318425925925 0.6151300236111111 0.15840777222222224 0.5938534277777778 0.1702390574074074 0.5791962166666667 0.2993972611111111 0.5687943263888889 0.3933902546296296 0.5664302597222223 0.505253074074074 0.5619047611111111 0.5633679481481481 0.5551181111111111 0.5690235203703703 0.5656167972222222 0.5845307333333333 0.5653543305555555 0.5816117287037037 0.5984251972222222 0.5887268027777778 0.6002624666666667 0.5876737722222223 0.32053333333333334 0.3850864231481481 0.2648134277777778 0.3850882333333333 0.26476190555555557 0.012508742592592593 0.1458759375 0.015446400925925927 0.18233618333333332 0.03485341759259259 0.19658119583333336 0.04435889537037037 0.4923076916666667
2 0.3816583425925926 0.36241246944444444 0.38149458148148147 0.36707482916666667 0.2761144212962963 0.3506044902777778 0.27539412314814815 0.5202072527777778 0.48139430925925925 0.5187050361111111 0.4827278120370371 0.3836930458333333 0.38149458148148147 0.3673469388888889 0.3816583425925926 0.36241246944444444
2 0.942539387962963 0.24746666666666664 0.9433110722222222 0.639048925 0.9887591898148148 0.685071575 0.9898963481481482 0.24335378333333332 0.9678789370370371 0.24662956111111112 0.9513722074074075 0.22560296805555555 0.942539387962963 0.24746666666666664
2 0.7960108490740742 0.41513292361111115 0.9167747916666666 0.5372 0.9163113990740741 0.2688 0.7960108490740742 0.41513292361111115
2 0.9423301148148149 0.20043010833333333 0.9370982685185185 0.19591397916666667 0.9393404879629629 0.7572043013888888 0.9432270018518518 0.7522580638888889 0.9423301148148149 0.20043010833333333
0 0 0 0 0.08666666666666667 0.008453774074074074 0.09054054027777778 0.008297222222222223 0.1119369375 0.012680660185185185 0.14504504583333333 0.3850787768518519 0.26439999999999997 0.5875439296296296 0.32013366805555554 0.7238386453703703 0.27389641944444443 0.7310866953703703 0.2755648236111111 0.9163011546296296 0.20651242499999997 0.9369095925925925 0.19537275 0.9426275407407407 0.20017138055555556 0.9431188435185185 0.21521335833333335 0.9681476435185186 0.24476067361111112 0.9900883259259259 0.24251832638888887 0.9990732157407407 0.25333333333333335 0.9990732157407407 0 0.6654309546296296 0 0 0
2 0.7310527990740741 0.27661691666666666 0.7241365009259259 0.2743781097222222 0.725001037037037 0.3462686569444445 0.7319173361111111 0.3462686569444445 0.7310527990740741 0.27661691666666666
2 0.7317444287037037 0.3738805972222222 0.7251739453703704 0.3736318416666667 0.7263842972222222 0.47014925277777775 0.7326089666666666 0.47164179027777775 0.7317444287037037 0.3738805972222222
2 0.40410510833333335 0.49019607916666663 0.4054680259259259 0.4 0.31483399629629627 0.39166666666666666 0.31653764444444443 0.4872549013888889 0.3645804935185185 0.4892156861111111 0.3645804935185185 0.4897058833333333 0.40410510833333335 0.49019607916666663
2 0.3526549638888889 0.4803921569444445 0.3645804935185185 0.484313725 0.37241727037037037 0.48186274583333333 0.3799133185185185 0.47303921666666665 0.38366134166666666 0.4558823527777778 0.3799133185185185 0.4397058833333333 0.3696914351851852 0.4289215680555556 0.36015101111111114 0.4259803916666666 0.3502698574074074 0.4308823527777778 0.34243308055555555 0.44705882361111116 0.34549964629629626 0.4676470583333333 0.3526549638888889 0.4803921569444445
2 0.4413599537037037 0.4899224805555556 0.4423178703703704 0.4075796736111111 0.4245964175925926 0.41068044861111114 0.4224411055555556 0.4906115416666667 0.4413599537037037 0.4899224805555556
2 0.41118558981481484 0.45650301527777776 0.4224411055555556 0.45581395277777775 0.42292006388888886 0.4279069777777778 0.40783288240740745 0.4285960375 0.4063960074074074 0.4885443583333333 0.41190402592592595 0.48923341944444443 0.41118558981481484 0.45650301527777776