2 0.25365579074074074 0.3360612013888889 0.27391959444444447 0.5295114597222222 0.28048583703703706 0.5284873305555555 0.2843366953703704 0.5431268805555556 0.23239345925925928 0.6310734194444444 0.2729259138888889 0.6187740763888889 0.28893656666666667 0.6686165513888889 0.2916738120370371 0.6872340361111111 0.31104588333333333 0.6769788999999999 0.3091480111111111 0.6561657916666667 0.3368629287037037 0.6468618430555555 0.3282892185185185 0.6136043777777778 0.33193824166666663 0.5932977861111111 0.31131004907407406 0.5952012333333333 0.3174811009259259 0.5706750777777778 0.3211262111111111 0.5480011791666667 0.3382462611111111 0.5442625347222223 0.3458710333333333 0.5671134458333333 0.3566361157407408 0.5840023680555555 0.3381034148148148 0.5920618805555555 0.3462486398148148 0.607670111111111 0.3459062277777778 0.6421016333333334 0.35076049259259257 0.6530541597222222 0.37364853148148147 0.6493688333333334 0.37863388703703704 0.6591025180555555 0.3809993861111111 0.6675555097222222 0.3764386027777778 0.6731037541666667 0.3800386944444445 0.7037294555555555 0.4083190638888889 0.6875656472222222 0.4028308712962963 0.6688863152777778 0.4001758037037037 0.6462998597222221 0.40725079166666667 0.6317974361111112 0.4239619185185185 0.6222460944444445 0.3928915648148148 0.34626287222222224 0.25365579074074074 0.3360612013888889
2 0.20870737222222221 0.8021572194444444 0.19965989166666664 0.7357805583333334 0.19143086574074075 0.7017813652777778 0.11949466203703704 0.8289767083333334 0.10586305 0.8146733805555556 0.1121675425925926 0.8047678736111111 0.05608265925925926 0.32010231250000004 0.034532819444444446 0.3146153583333333 0.09745645462962964 0.8681158944444445 0.20870737222222221 0.8021572194444444
2 0.5859413018518518 0.2384546402777778 0.39288215 0.34609642083333336 0.4242280861111111 0.6218501263888889 0.43102237407407407 0.6181874888888889 0.4243192518518519 0.5863793625 0.43962126018518516 0.5825986430555555 0.4439755268518518 0.5707863361111111 0.5019931648148148 0.5623325694444444 0.6126804324074074 0.5376521527777778 0.705519138888889 0.515497736111111 0.8339193185185185 0.4920994680555556 0.8472676583333334 0.5034522819444445 0.8510253694444444 0.524063225 0.8495046638888889 0.5508713291666667 0.8639286787037037 0.5600192083333333 0.8661276129629629 0.5844031819444444 0.8559087101851851 0.6053500569444444 0.8612323231481481 0.6591543319444444 0.8692736944444445 0.6594280027777778 0.8683360648148148 0.6145459263888889 0.877831500925926 0.6129946875 0.8733574712962964 0.5834511680555555 0.883121825 0.5813486972222222 0.8867105916666667 0.5323887875 0.9315723527777778 0.5421281013888889 0.9276932435185185 0.6113293027777777 0.9506274546296296 0.6105446013888889 0.9539258777777777 0.5818259847222222 0.9601800157407409 0.5782513972222222 0.9417365203703704 0.5207155972222223 0.9428883555555556 0.49928623333333333 0.9524956509259259 0.4674586583333334 0.9094948944444445 0.4735507708333333 0.8921127768518519 0.4704664611111111 0.9083621166666667 0.44120309444444444 0.9186286277777778 0.3837554861111111 0.9323110620370371 0.3787332222222223 0.9375634870370371 0.3618328513888889 0.9478283888888889 0.3737426833333334 0.9229545453703705 0.08003302500000001 0.9404176462962963 0.060949436111111116 0.939089837962963 0.024277925 0.5859335546296296 0.23840437222222224 0.5859413018518518 0.2384546402777778
2 0.7031894148148148 0.2945581597222222 0.6013169120370371 0.3382268861111111 0.6006158990740741 0.33367801388888885 0.6013484129629629 0.3384948625 0.5035454574074074 0.38096108333333334 0.5204884249999999 0.5135745986111111 0.7235329101851852 0.4613966569444445 0.7031894148148148 0.2945581597222222
2 0 0.47605290972222225 0.04009105462962963 0.8095681361111111 0.07952088055555556 0.7524066986111112 0.03494914444444444 0.3665724527777778 0.02371945462962963 0.3473416180555555 0.009897651851851852 0.37234831388888884 0 0.37347387777777774 0 0.47605290972222225
2 0.0938634287037037 0.645193123611111 0.19866154537037037 0.4935248625 0.06324833425925926 0.3807500208333333 0.0938634287037037 0.645193123611111
2 0.09270938055555555 0.8638740388888889 0.0971094537037037 0.8677328027777778 0.03433958055555556 0.31438570555555556 0.029710029629629632 0.32019597499999997 0.09270938055555555 0.8638740388888889
0 0.4708371101851852 0 0.279199587037037 0.05068629861111111 0 0.12453192916666667 0 0.37208789999999997 0.009416675000000001 0.3705778097222222 0.030644673148148147 0.3349600763888889 0.02938717037037037 0.32001865 0.034462734259259255 0.31380355416666667 0.05604767407407408 0.31940606666666665 0.24644219074074072 0.3391661736111111 0.2533869833333333 0.33563519999999997 0.39296375185185184 0.34566900694444447 0.5859009712962963 0.23804550138888889 0.9388243435185185 0.02350443611111111 0.9391614935185185 0 0.4708371101851852 0
2 0.25380923055555554 0.40901221527777776 0.2606204555555556 0.4072107111111111 0.25314941574074074 0.33618715555555556 0.24659736851851852 0.3401934541666667 0.25380923055555554 0.40901221527777776
2 0.26764198518518517 0.5326608 0.2735993037037037 0.5295695833333334 0.2636178861111111 0.4342032263888889 0.2571760203703704 0.43615963055555557 0.26764198518518517 0.5326608
2 0.5815192759259259 0.3768962666666667 0.5933030777777778 0.4653670625 0.6321704768518518 0.4545892486111111 0.6321137287037036 0.45410649861111113 0.6791997083333333 0.4396616722222222 0.6698116583333332 0.34508188472222223 0.5815192759259259 0.3768962666666667
2 0.6201004583333333 0.39605964166666663 0.6112823194444444 0.4093426361111111 0.609463912962963 0.4262496055555556 0.6151411675925925 0.4421695611111111 0.6235447935185184 0.4489065291666666 0.6315462509259259 0.44927900833333334 0.6428366231481482 0.4423107486111111 0.6484077935185185 0.42789551527777775 0.6490443648148148 0.40682130694444446 0.6394539694444444 0.39293185555555554 0.6291554555555555 0.39067813333333334 0.6201004583333333 0.39605964166666663
2 0.5752937416666667 0.4705522319444445 0.5639179138888889 0.39239687083333336 0.5461067277777778 0.39395915138888893 0.5565825435185185 0.474801475 0.5752937416666667 0.4705522319444445
2 0.5712653824074074 0.4362832972222222 0.5824296712962963 0.4340301416666667 0.5855112 0.4664504305555556 0.5908557703703704 0.46433715138888887 0.5825007796296295 0.4056738458333333 0.567563037037037 0.4089250472222222 0.5712653824074074 0.4362832972222222