2 0.40339240277777777 0.7233222833333334 0.39696533611111107 0.6717145277777777 0.43165690462962963 0.65392595 0.39814812685185186 0.31343550555555555 0.3088186537037037 0.29253145416666665 0.3546316481481482 0.756043148611111 0.40339240277777777 0.7233222833333334
2 0.43672023518518516 0.6999156805555556 0.4326201037037037 0.6608827861111111 0.4021928888888889 0.6780483277777778 0.4068338027777778 0.7194112513888888 0.43672023518518516 0.6999156805555556
2 0.481997812037037 0.7026267805555555 0.4782492805555556 0.6659218027777778 0.46716445462962963 0.6656926930555556 0.46652325555555557 0.6620282222222222 0.4325429546296296 0.6606640944444445 0.4366916203703704 0.6999545541666667 0.481997812037037 0.7026267805555555
2 0.6419742851851852 0.7153164736111112 0.6798507074074074 0.7184888097222223 0.6784750407407408 0.6465373027777778 0.7027268231481482 0.6456483416666666 0.704972512037037 0.6694783027777778 0.6789995425925927 0.6683398277777778 0.6798764555555555 0.7183666750000001 0.9774041888888889 0.7408575027777778 0.8998179287037037 0.015552811111111111 0.6343684796296297 0.17789583194444447 0.6420315787037036 0.22394289027777778 0.6079960351851852 0.2423787 0.6023518185185186 0.23789789444444445 0.5124052046296296 0.29092361944444445 0.5123954342592593 0.2908310861111111 0.4318532907407407 0.3277768569444444 0.4300364175925926 0.3353790986111111 0.4097576037037037 0.3374211583333333 0.4089934351851852 0.3258059180555556 0.42945203425925926 0.31816971805555555 0.6283557712962963 0.21419969305555556 0.632289950925926 0.20780218055555555 0.6391853305555556 0.20762075833333332 0.6342215888888888 0.17784391666666666 0.3981462842592593 0.3133512583333333 0.4317566148148148 0.653801698611111 0.46501343055555555 0.6522996472222222 0.4662536157407407 0.6458124347222223 0.4764209416666667 0.6444290097222222 0.4709124518518518 0.5883531847222222 0.6208800583333334 0.5733856013888888 0.6323478712962963 0.7007534333333333 0.6409514601851852 0.700939575 0.6419742851851852 0.7153164736111112
2 0.45610445185185183 0.5676661111111111 0.45642328796296294 0.5736044125 0.6485569314814815 0.5479343277777778 0.6481837222222222 0.5424445013888889 0.6403805055555556 0.5408892861111111 0.6111664305555555 0.2581204152777778 0.5140686111111111 0.30576926805555554 0.5132784574074074 0.299193875 0.513967962962963 0.30572392083333333 0.4400564722222222 0.3427135694444444 0.4608909481481481 0.5662976416666667 0.45610445185185183 0.5676661111111111
2 0.9018084953703703 0 0.8999747055555555 0.015456604166666667 0.9774320027777778 0.7404234263888889 1 0.7974673222222222 1 0.4479932555555555 0.9526965592592592 0 0.9018084953703703 0
2 0.3565667037037037 0.7840294138888889 0.30530697314814814 0.2589967166666666 0.04179128148148148 0.17663259027777778 0.11714796944444444 0.9554209944444444 0.3565667037037037 0.7840294138888889
2 0.11699523888888888 0.9553149416666668 0.04180066018518519 0.17669486944444443 0.02041864722222222 0.2165223861111111 0.0906817425925926 0.9260810138888889 0.11699523888888888 0.9553149416666668
2 0 0.3010950027777778 0.008958258333333333 0.3023758875 0.009606394444444444 0.31021884722222226 0.004139184259259259 0.3215149958333333 0.06490253148148148 0.9417442333333332 0.09076545277777778 0.9262475250000001 0.02033047037037037 0.21654333472222223 0.00501623888888889 0.1955345625 0 0.19078193750000003 0 0.3010950027777778
0 0.4737660981481482 0 0.34301271203703704 0.03106395277777778 0.3479998064814815 0.075328075 0.35364586388888886 0.08692390277777777 0.35278602870370374 0.10220282638888888 0.35761102962962965 0.11028130277777778 0.35677521203703705 0.12791696805555555 0.34415321111111113 0.12832821944444445 0.34224479537037034 0.10954456388888888 0.3446860611111111 0.10356470277777778 0.34051652037037033 0.08891815277777777 0.3443247462962963 0.07530120416666666 0.34012050555555556 0.03175107361111111 0 0.11255576805555556 0 0.16347118472222222 0.018226474074074073 0.12301827083333333 0.3231998333333333 0.236259175 0.32261479629629625 0.24064712916666664 0.31516025833333333 0.24351973611111113 0.31005573888888893 0.24971384166666669 0.30802362962962965 0.25885892222222223 0.3054808148148148 0.2610379986111111 0.3060486203703704 0.26641547083333333 0.3956114324074074 0.29277908055555557 0.5646768592592593 0.18891973611111113 0.863832987037037 0 0.4737660981481482 0
0 0 0.1947680472222222 0.02019411388888889 0.21679282361111113 0.04038748518518519 0.17639217916666666 0.020081650925925926 0.12447382222222221 0 0.16596579583333335 0 0.1947680472222222
0 0.020804702777777778 0.12430204166666668 0.04278584722222222 0.17804758333333334 0.3062994777777778 0.25896817083333334 0.3232651527777778 0.2371359375 0.020804702777777778 0.12430204166666668
0 0.3061494462962963 0.26456680972222224 0.30863530648148146 0.2951290013888889 0.3972434722222222 0.31301873611111114 0.3966267027777778 0.2931384819444445 0.3061494462962963 0.26456680972222224
0 0.8615358787037037 0 0.39761438981481484 0.28845343472222224 0.3972434722222222 0.31301873611111114 0.9010646138888888 0.016419344444444445 0.8842795583333334 0 0.8615358787037037 0