2 0.4164454388888889 0.6359940430555555 0.418858837037037 0.29183270972222225 0.33280923425925923 0.2502247083333333 0.329718725 0.7187799013888889 0.38129160092592596 0.6979036791666667 0.3803258166666667 0.6454231777777777 0.4164454388888889 0.6359940430555555
2 0.4166501787037037 0.6826056819444445 0.4166712537037037 0.6430912444444444 0.3848284601851852 0.6529056527777778 0.38509851203703704 0.6948483277777778 0.4166501787037037 0.6826056819444445
2 0.45028868240740744 0.655947825 0.45003754444444444 0.6521780111111112 0.41661786203703705 0.6428571430555555 0.41661786203703705 0.6826373625 0.4610875740740741 0.6959078652777777 0.46121314259259255 0.6587751875 0.45028868240740744 0.655947825
2 0.4620562453703703 0.5804399680555556 0.6117384657407408 0.6008468138888889 0.6097819453703703 0.7293374777777777 0.6182601972222221 0.731540175 0.6177710675925926 0.7459800777777778 0.6548503268518518 0.758001123611111 0.6609953935185185 0.6866126569444444 0.6850413055555555 0.6914253625 0.6847741287037037 0.7154888916666667 0.6592396601851852 0.7082698319444444 0.6548884953703704 0.7578865347222222 0.9464076083333334 0.8499158499999999 0.9454183314814815 0.11533511527777779 0.6663063092592593 0.2133912611111111 0.6690728314814814 0.2606695625 0.6335336583333334 0.2708918986111111 0.6284262324074074 0.2651418347222222 0.5340569768518518 0.2964085986111111 0.5340569768518518 0.29631491249999997 0.45065337962962965 0.31390646805555555 0.44806604074074075 0.3209887819444444 0.4278239268518519 0.3182472416666667 0.4282805157407407 0.30659569166666667 0.44928361203703704 0.30385415 0.6565815111111111 0.24783726944444445 0.6611344481481481 0.24244168194444443 0.6679638546296297 0.24388050555555554 0.6661666416666666 0.21330551666666667 0.4188658027777778 0.29174906666666667 0.4165568796296297 0.6358947180555555 0.44956089722222226 0.6422149277777778 0.45146236296296294 0.6360985958333334 0.4616487888888889 0.6371179833333334 0.4620562453703703 0.5804399680555556
2 0.5340569768518518 0.30478194444444445 0.5340569768518518 0.3113933875 0.4571978222222222 0.33058417638888893 0.45445828796296295 0.5563044027777778 0.4495880046296296 0.5565328638888889 0.44928361203703704 0.5624728708333333 0.6417288953703704 0.5822033125 0.6419328129629629 0.5766935013888889 0.6343878592592592 0.5733263944444444 0.6350233231481481 0.28718374583333334 0.5341516564814814 0.31146179444444444 0.5340569768518518 0.30478194444444445
2 0.9721815518518518 0 0.9455832111111111 0.11527688055555554 0.9464803490740741 0.8494936444444444 0.9860907759259259 0.9989010986111111 0.9992679351851852 0.9989010986111111 0.9992679351851852 0 0.9721815518518518 0
2 0.3287112796296296 0.7468756736111112 0.3328381138888889 0.21627881805555557 0.08115646296296296 0.0730943263888889 0.07436582037037036 0.8599771277777778 0.3287112796296296 0.7468756736111112
2 0.07422603055555556 0.8598365416666667 0.08115923148148149 0.07315803888888889 0.05588686851851852 0.1074778875 0.05128529259259259 0.824788025 0.07422603055555556 0.8598365416666667
2 0 0.1758241763888889 0.035613945370370374 0.1895851902777778 0.03543616203703703 0.19748367638888886 0.028858191666666668 0.20735785972222223 0.02418995462962963 0.8342092694444444 0.05135060648148148 0.8249721291666666 0.05579759259259259 0.1074778875 0.04286290277777778 0.08313425694444444 0.030767925 0.06720815416666667 0 0.050549449999999996 0 0.1758241763888889
0 0 0 0 0.050549449999999996 0.03075291851851852 0.06714643194444445 0.06347319537037037 0.014610565277777779 0.3528819731481481 0.19801980277777775 0.3518465212962963 0.20221645416666664 0.34418417777777777 0.20330447499999998 0.3384965222222222 0.20822453611111108 0.3355356944444445 0.2167801875 0.33279693055555554 0.21833575972222224 0.33279693055555554 0.2237802638888889 0.418507625 0.2708353597222222 0.5963230296296296 0.2079261847222222 0.9236644685185186 0.08703685694444444 0.9370424601851852 0 0.3938506592592593 0 0.39416006481481486 0.0448893875 0.3985272851851852 0.057667308333333334 0.39608460277777774 0.0725563611111111 0.4000076981481481 0.08166757361111111 0.3973429537037037 0.0988899875 0.3848334611111111 0.09633440277777779 0.3849074814814815 0.07733419166666668 0.3879423287037037 0.0720008 0.38535160555555553 0.056556183333333336 0.3905330527777778 0.04400048888888889 0.3909224009259259 0 0 0
0 0.06515373333333334 0.016483516666666666 0.030014641666666668 0.06923076944444444 0.0556368962962963 0.10769230833333333 0.07979502222222222 0.07252747222222222 0.06515373333333334 0.016483516666666666
0 0.06588579814814814 0.016483516666666666 0.08199121481481482 0.074725275 0.3338213759259259 0.21648351666666668 0.35285505092592595 0.1989010986111111 0.06588579814814814 0.016483516666666666
0 0.333089312037037 0.2219780222222222 0.3323572472222222 0.25274725277777776 0.41800878518518514 0.2912087916666667 0.4194729138888889 0.2714285708333333 0.333089312037037 0.2219780222222222
0 0.4209370425925926 0.26703296666666665 0.41800878518518514 0.2912087916666667 0.9465592972222222 0.11648351666666668 0.9238653 0.08571428611111111 0.4209370425925926 0.26703296666666665
0 0.937774524074074 0 0.9231332361111111 0.0868131875 0.947291362037037 0.11538461527777777 0.971449487962963 0.0032967027777777774 0.937774524074074 0