2 0.7784622944444445 0.027987022222222224 0.6197641814814815 0.2879157652777778 0.6194814546296297 0.32626789305555554 0.8358222268518518 0.03400351805555556 0.7784622944444445 0.027987022222222224
2 0.8366535305555556 0.0340907125 0.6194376972222222 0.3261819777777778 0.6575979194444445 0.33195925277777777 0.9513733962962962 0.04612370416666666 0.8366535305555556 0.0340907125
2 0.4908170240740741 0.5688306472222222 0.5037625240740741 0.5698137527777778 0.5021970694444444 0.6016023875000001 0.48955544444444443 0.6004017111111112 0.4882684453703704 0.6315930263888889 0.6402848712962963 0.6486191277777777 0.6574904425925926 0.3322467986111111 0.6194745231481481 0.3264165763888889 0.6196397203703704 0.2877366986111111 0.35870301388888887 0.26129271944444443 0.34487582314814813 0.6173483194444445 0.4881987018518518 0.6313667319444445 0.4908170240740741 0.5688306472222222
2 0.49105892870370377 0.5630529986111111 0.4910520333333333 0.5632176777777778 0.5022620481481481 0.5643523402777778 0.5123499527777777 0.322862425 0.4255107546296297 0.31389641805555557 0.41564676203703704 0.5547343541666666 0.49105892870370377 0.5630529986111111
2 0.5933689425925925 0.5735740611111111 0.6051491722222222 0.3326075875 0.5172843916666666 0.32295667222222224 0.5056720222222222 0.5646974930555556 0.5933689425925925 0.5735740611111111
2 1 0.05122415972222222 0.9513733962962962 0.04612370416666666 0.6575167888888889 0.3321132222222222 0.640253625 0.6485633013888888 0.7710653268518518 0.8179820513888889 0.9130407268518519 1 0.9779120111111111 1 0.9804128203703704 0.9463551555555556 0.9646060518518518 0.9292118111111112 0.9700566842592593 0.8748317625 0.9832030796296296 0.8865013125 1 0.5261905833333334 1 0.05122415972222222
2 0.1662995824074074 0.26395891944444444 0.15776654166666668 0.2943901958333333 0.1520156037037037 0.33406366111111113 0.14866505740740743 0.3763986222222222 0.14547274999999998 0.4793373277777778 0.17349481574074074 0.47883411527777775 0.1803202185185185 0.27334718472222225 0.1662995824074074 0.26395891944444444
2 0.17349481574074074 0.47883411527777775 0.2086493722222222 0.48286573055555554 0.21464434166666665 0.29519244305555553 0.21382820555555554 0.27823882638888886 0.1803361888888889 0.27300461527777775 0.17349481574074074 0.47883411527777775
2 0.14514218425925926 0.49135123472222225 0.14209684444444445 0.6108291222222222 0.17038559537037037 0.5996822833333334 0.17316424907407407 0.49084802222222224 0.14514218425925926 0.49135123472222225
2 0.17046825833333332 0.5998668583333333 0.20494959074074076 0.6039181972222222 0.2085631564814815 0.4945610222222222 0.17316424907407407 0.49084802222222224 0.17046825833333332 0.5998668583333333
2 0.02292335648148148 0 0.0011773222222222224 0.4664741666666667 0 0.49172890555555554 0 0.924584588888889 0.13659244074074073 0.8061932958333333 0.14816546851851853 0.376517425 0.1519800064814815 0.33300394166666664 0.15778564722222224 0.29428641805555555 0.16988817407407408 0.2479265125 0.1840352111111111 0.2213669513888889 0.20003760555555555 0.20700694861111113 0.21966083703703704 0.20333699305555555 0.23746084259259262 0.21161365277777777 0.2714418666666667 0.24442469583333334 0.30383802777777774 0.27733366527777775 0.31216669259259255 0.2960126236111111 0.3181462898148148 0.31733855833333335 0.3256789074074074 0.3626420611111111 0.3170163425925926 0.6439484375 0.3448096851851852 0.6174848375 0.3585966805555556 0.26126574305555555 0.17040395092592595 0 0.02292335648148148 0
2 0.3257230935185185 0.3624294708333334 0.3181160898148148 0.3172581736111111 0.3122022037037037 0.2959106833333333 0.3040017148148148 0.27741896805555555 0.2714933851851852 0.24446781250000002 0.23752324351851853 0.2115832513888889 0.21969729444444444 0.2033229166666667 0.20272881481481483 0.2069287625 0.28469889444444446 0.2756044763888889 0.29112883703703707 0.2919727194444445 0.299264112037037 0.3173476041666667 0.3036383759259259 0.34625144583333334 0.3057498935185185 0.37810575138888886 0.30621728148148153 0.42225756805555553 0.29831045833333336 0.6422427694444444 0.31686015 0.6439378402777778 0.3257230935185185 0.3624294708333334
0 0.1704174064814815 0 0.3585977185185185 0.2611225194444445 0.6196618564814815 0.2877537625 0.6635143981481482 0.21616788055555555 0.6592213185185185 0.21588504444444442 0.6636091546296297 0.2159272097222222 0.7784622944444445 0.027987022222222224 0.5390469222222222 0.0028746916666666667 0.5116402518518518 0 0.1704174064814815 0