2 0.40846218796296296 0.3714297555555555 0.4358219675925926 0.3453136 0.5377993333333333 0.37433155138888885 0.5623955009259259 0.36604070694444446 0.5623955009259259 0.35692078194444443 0.5908607268518519 0.3453136 0.034685221296296295 0.1322635236111111 0.05177441111111111 0.2272242375 0.2467907537037037 0.28893586944444444 0.24666766203703702 0.33564065555555556 0.40846218796296296 0.3714297555555555
2 0.26620564074074077 0.6948859513888889 0.26732102592592594 0.5671741680555555 0.4060007814814815 0.5655010888888888 0.4041418027777778 0.6692320555555555 0.5361292361111112 0.6441358541666666 0.5376164185185185 0.3814622722222222 0.440205975 0.3546929902777778 0.44094956574074073 0.5565779930555556 0.2353466064814815 0.5588087680555556 0.24426970092592595 0.29836595833333335 0.05353856388888889 0.24315431388888886 0.031602624999999995 0.7355975680555557 0.26620564074074077 0.6948859513888889
2 0.5621705425925926 0.6518604652777777 0.5624806203703704 0.37232558194444443 0.5376744185185185 0.3811627902777778 0.5362790694444444 0.6437209305555556 0.5621705425925926 0.6518604652777777
2 0.563915487962963 0.3638199458333333 0.5628297833333333 0.6569604583333333 0.603652312962963 0.6683603680555555 0.6025666074074074 0.30388899722222223 0.593880962962963 0.3055175555555556 0.593880962962963 0.352094325 0.563915487962963 0.3638199458333333
2 0.6026034805555556 0.30370463194444447 0.6038571638888889 0.6678994541666666 0.6170208324074075 0.6666457722222222 0.616602937962963 0.33347959583333336 0.6103345240740741 0.33347959583333336 0.6101255768518519 0.3058985763888889 0.6026034805555556 0.30370463194444447
2 0.6100775194444444 0.3060465111111111 0.6102325583333333 0.3337209305555555 0.6164341083333333 0.3334883722222222 0.9984496120370371 0.17441860416666666 0.9984496120370371 0.1279069763888889 0.6100775194444444 0.3060465111111111
2 0.6165442370370371 0.333096375 0.6172212638888889 0.6665312625 0.9984496120370371 0.7674418611111111 0.9984496120370371 0.17441860416666666 0.6165442370370371 0.333096375
2 0 0 0 0.8139534888888889 0.03148214074074074 0.7355176763888889 0.053228565740740745 0.2426969138888889 0.03148214074074074 0.13067244583333332 0.037597954629629636 0.043723465277777776 0.02945736388888889 0 0 0
2 0.59379845 0.3453488375 0.5938246166666667 0.3022274555555556 0.03810551759259259 0.041948779166666665 0.03150114259259259 0.1309384888888889 0.59379845 0.3453488375
0 0.02945736388888889 0 0.03782945740740741 0.04186046527777777 0.59379845 0.3016279069444444 0.6021705425925926 0.29837209305555557 0.6103875972222222 0.2988372097222222 0.9984496120370371 0.11627906944444444 0.9984496120370371 0 0.5953488370370371 0 0.6373425935185185 0.014732190277777777 0.6461117537037038 0.025781331944444444 0.6464625212962963 0.11049142361111111 0.6383948925925926 0.1420604027777778 0.6138412435185185 0.17205093055555556 0.5941983240740741 0.1620540888888889 0.5791153675925926 0.182047775 0.544038724074074 0.13995580277777778 0.5426356592592593 0.05208881388888889 0.5813953490740741 0 0.02945736388888889 0
2 0.05286762314814815 0.22810300277777779 0.05227360462962963 0.2423594388888889 0.24651756759259258 0.29938519027777777 0.24770560462962965 0.2869108097222222 0.05286762314814815 0.22810300277777779
2 0.43637186666666666 0.3462909513888889 0.4388615398148148 0.354438975 0.5375431444444445 0.3815990486111111 0.5375431444444445 0.3737905277777778 0.43637186666666666 0.3462909513888889
2 0.5377694787037036 0.37277202499999995 0.5379958120370371 0.38058054583333334 0.5631188824074075 0.37345102777777783 0.5628925472222223 0.36530300416666667 0.5377694787037036 0.37277202499999995
2 0.5622135453703703 0.35681548194444446 0.5633452157407407 0.36360549999999997 0.5943529675925926 0.3520624680555555 0.5934476324074074 0.3452724486111111 0.5622135453703703 0.35681548194444446
2 0.9984496120370371 0.13023255833333333 0.9974160203703704 0.11562692361111111 0.6092820157407408 0.29552147916666666 0.6092820157407408 0.30567685555555557 0.9984496120370371 0.13023255833333333