2 0.552083125 0.3479214263888889 0.5795835611111111 0.33191469027777776 0.011608312037037037 0.20723598055555553 0.03522128333333333 0.29899702916666665 0.2334697212962963 0.32979346111111113 0.23660195648148147 0.3762616930555555 0.4000041416666667 0.3864865375 0.4253941203703704 0.35622363472222224 0.5288349777777778 0.36909331666666667 0.5527186527777778 0.35699139166666666 0.552083125 0.3479214263888889
2 0.5459755157407408 0.6376814625 0.5291499740740742 0.37621365416666663 0.43040772037037034 0.3648642638888889 0.4452157240740741 0.5655267291666667 0.24089453240740738 0.5999823263888889 0.23161962037037037 0.3395671736111111 0.03808586944444445 0.3145632333333333 0.05058632222222222 0.8077482263888889 0.2810671435185185 0.7304755930555555 0.2732767407407407 0.6032885444444445 0.41108020462962963 0.5798806583333334 0.4164599685185185 0.68333485 0.5459755157407408 0.6376814625
2 0.5724124601851852 0.6412806708333333 0.5532412712962963 0.3632284902777778 0.529186787037037 0.3759067194444444 0.5460956138888889 0.6372453194444444 0.5724124601851852 0.6412806708333333
2 0.5798140388888889 0.2918631013888889 0.5830597712962964 0.33818471805555556 0.5540755574074074 0.35454447222222224 0.5734234851851852 0.6462493611111111 0.6148167953703704 0.6511861472222222 0.5883386157407408 0.28888161944444446 0.5798140388888889 0.2918631013888889
2 0.5981260185185185 0.3170921652777778 0.5959962148148149 0.2896949986111111 0.5883624388888888 0.28869248194444447 0.6149884046296296 0.6506956388888889 0.6279925981481481 0.6473848569444445 0.6043600935185185 0.3161093236111111 0.5981260185185185 0.3170921652777778
2 0.9697895120370371 0.051792083333333336 0.5959587296296297 0.2898496583333333 0.5980414287037037 0.31734816527777776 0.6041928 0.3161445222222222 0.9730307046296296 0.09804891527777777 0.9697895120370371 0.051792083333333336
2 1 0.4829424736111111 0.9730307046296296 0.09804891527777777 0.6042750092592593 0.3157374055555555 0.6281839518518518 0.6472395486111111 1 0.6863148236111112 1 0.4829424736111111
2 0 0.5393058333333334 0.024617102777777778 0.8906299666666666 0.05046093148148148 0.8076876638888889 0.037745695370370376 0.3141569444444445 0.008311902777777777 0.20615583888888891 0.008335118518518519 0.11872425833333333 0 0.08715211805555555 0 0.5393058333333334
2 0.5825076462962963 0.3314891208333333 0.5795287287037038 0.28859985972222224 0.008716230555555557 0.1168797125 0.008349339814814814 0.20641744444444446 0.5825076462962963 0.3314891208333333
0 0.482530737037037 0 0 0.0760740361111111 0 0.08658537638888888 0.008435528703703704 0.11683516666666666 0.5794609259259259 0.28800769861111114 0.5875602712962963 0.2834570375 0.595764724074074 0.28263123194444445 0.9689792138888889 0.040227874999999996 0.9661604666666666 0 0.6068649574074074 0 0.6122651055555556 0.0054698958333333336 0.6185170287037037 0.08966093888888889 0.6126935 0.122321925 0.5903642675925925 0.15599799444444445 0.5701323175925925 0.14913578333333333 0.5565252601851852 0.1713848388888889 0.5187075638888888 0.1350232125 0.5111891175925926 0.047857558333333335 0.5400600037037038 0 0.482530737037037 0
2 0.03636974444444445 0.2996995736111111 0.03677244907407407 0.31397104861111114 0.23392619907407408 0.34022837222222224 0.2342384425925926 0.32763605277777774 0.03636974444444445 0.2996995736111111
2 0.42600911481481485 0.35710941250000006 0.4290529490740741 0.3648224375 0.5290866324074074 0.37636117083333337 0.5285424907407407 0.36859542500000003 0.42600911481481485 0.35710941250000006
2 0.5286966101851852 0.3675470152777778 0.5294658453703704 0.37527727222222224 0.5539544638888888 0.3642476972222223 0.5531615685185185 0.35617979583333337 0.5286966101851852 0.3675470152777778
2 0.5518948277777778 0.34784523194444444 0.5534934657407408 0.35442061666666663 0.5835269703703704 0.33807902916666666 0.5821534277777778 0.33146815555555553 0.5518948277777778 0.34784523194444444
2 0.9699515712962963 0.054104925 0.967905838888889 0.03974136111111111 0.5944341407407407 0.2795070125 0.595141824074074 0.28960675694444443 0.9699515712962963 0.054104925