0 1 0.05301685416666666 0.891855612037037 0.03988087083333333 0.8053595787037038 0.07133253055555556 0.8119031712962963 0.08652230416666666 0.8168556166666667 0.08704176666666666 0.8191878842592593 0.09496467777777777 0.8152417722222222 0.10030947777777778 0.8108681898148149 0.10262344305555555 0.8043790509259259 0.101516225 0.7992128703703704 0.09948134444444445 0.7980155648148148 0.09466347777777777 0.8005367972222223 0.08938250833333333 0.8050617740740741 0.08687113611111111 0.811620174074074 0.08649262083333334 0.8050567925925926 0.07172734305555556 0.5335106731481482 0.17462868472222223 0.5367652027777777 0.20546988055555554 0.654877937962963 0.166146125 0.6557231990740741 0.14801441666666668 0.7186781981481482 0.131038475 0.7463096064814815 0.13608031527777778 1 0.06153882638888889 1 0.05301685416666666
0 0.20397110277777777 0 0.533765638888889 0.15102813333333334 0.819703225 0.03290525138888889 0.5548763212962963 0.006182033333333333 0.554074062037037 0.023391304166666668 0.6777232768518519 0.020714469444444442 0.6756488361111112 0.053436727777777776 0.5616580462962963 0.04873177361111111 0.5419129101851852 0.05770461111111111 0.5471198046296297 0.0644629611111111 0.5533017759259259 0.06511138888888889 0.5510794444444445 0.08316976527777778 0.5455187472222223 0.09880724444444444 0.5445853194444444 0.11389471388888889 0.5229076101851852 0.11990386527777777 0.5056394055555555 0.12016333333333333 0.48597589074074077 0.11257886805555556 0.4723246138888889 0.09941282777777778 0.46348634907407404 0.0915833375 0.4603464944444445 0.07503325416666667 0.4555655009259259 0.06900982222222223 0.4571217722222222 0.05536817222222223 0.4642564259259259 0.06025799166666666 0.4719994805555555 0.0520969875 0.4528089851851852 0.052297404166666665 0.44655869444444446 0.045053838888888885 0.35266701944444445 0.033558530555555556 0.3386038666666667 0.0172605125 0.46448371203703703 0.02576961388888889 0.47353492685185183 0.03396656527777778 0.481619037037037 0.03239865277777778 0.46417032407407405 0.013871861111111113 0.46366542685185186 0 0.20397110277777777 0
0 0.13668950277777778 0 0.5331653342592593 0.1728861777777778 0.534926187962963 0.151495275 0.20506622314814815 0 0.13668950277777778 0
2 1 0.06242658472222223 0.9869171046296296 0.06549831805555556 0.7425720333333333 0.13704146111111112 0.7026762740740741 0.7455379430555555 0.7174537935185186 0.7347355152777778 0.7400441768518519 0.7329875458333334 0.7731790518518519 0.74058055 0.7894007916666667 0.7694574277777778 0.7840483953703704 0.8018358625 0.7718993833333333 0.8269134263888889 0.753221175925926 0.838953698611111 0.7492518240740741 0.8887706208333334 0.8030439666666667 0.9125298069444445 0.8459515351851852 0.8989134750000001 0.8487710574074073 0.9090911694444445 0.8259629444444444 0.927286225 0.9658056314814815 1 0.976389536111111 1 1 0.4767887986111111 1 0.4413397958333333 0.8486875972222222 0.43670834166666667 0.7873798472222222 0.5425997138888888 0.8103434064814815 0.5458628722222223 0.8061580175925926 0.6022481069444444 0.7631761574074074 0.5891771722222222 0.765595624074074 0.5372771944444444 0.7877293629629629 0.5411556361111111 0.8481138787037037 0.43695455555555557 0.8550977833333333 0.26487913055555556 0.8405236157407407 0.25653969861111114 0.854961762037037 0.2643989152777778 1 0.24395264444444445 1 0.06242658472222223
2 0.6954194972222222 0.8584696333333333 0.7025631009259259 0.8596688958333333 0.7067030148148148 0.841307775 0.7106459379629629 0.8029421652777778 0.7125957138888889 0.7860262930555556 0.7094038138888888 0.7708425055555556 0.7014126759259259 0.774953975 0.6954194972222222 0.8584696333333333
2 0.3716312787037037 0.7248141777777778 0.3746161138888889 0.6944895597222223 0.3957071796296296 0.6802045861111111 0.42005105092592593 0.6804012736111111 0.4275402851851852 0.5197497208333334 0.3004032740740741 0.5170196499999999 0.29818376388888884 0.5309273194444445 0.2583140361111111 0.526745375 0.25884425925925925 0.4985200402777778 0.30178635833333334 0.5042026180555556 0.30051260555555553 0.5146743722222222 0.4259767666666667 0.5195857222222222 0.4364397555555556 0.26144113194444446 0.5307210796296297 0.29489778055555554 0.531340925925926 0.2791242861111111 0.523558512962963 0.2783079861111111 0.5233229833333333 0.26505957916666667 0.531720862962963 0.2648740083333333 0.536515200925926 0.206254625 0.03434710092592593 0.005980036111111111 0.02615256666666667 0.13120641944444444 0.1962809861111111 0.18911590833333333 0.16418100185185186 0.8102866152777779 0.17701714722222223 0.8045627624999999 0.39558713333333334 0.7838888166666667 0.3928974231481482 0.7741797083333334 0.37853598796296295 0.7620679777777778 0.3716312787037037 0.7248141777777778
2 0.6573265407407407 0.1453149138888889 0.6171762416666666 0.8250578708333333 0.6322940425925926 0.7930753805555556 0.6344496175925927 0.7747549138888888 0.6595403333333333 0.7739702111111111 0.6879262398148148 0.762599288888889 0.7195616787037037 0.13426429444444446 0.6573265407407407 0.1453149138888889
2 0.6408286740740741 0.8481460763888888 0.6762785777777778 0.8539251527777777 0.685585463888889 0.7868972777777778 0.656445437037037 0.7931140597222222 0.6453315324074074 0.8104948847222223 0.6408286740740741 0.8481460763888888
2 0.6540157462962962 0.16742778472222222 0.5367864435185186 0.20664981666666668 0.5307874240740741 0.261660275 0.651257737037037 0.24132476111111112 0.6540157462962962 0.16742778472222222
2 0.6408417712962963 0.2732038986111111 0.6128214675925926 0.8153278152777778 0.6519556768518519 0.255823075 0.5341240333333334 0.2784960902777778 0.5327712703703703 0.29277930555555554 0.6408417712962963 0.2732038986111111
2 0.7446958953703704 0.13778538333333334 0.7215980027777777 0.13227154583333334 0.6895625259259259 0.76052495 0.701168799074074 0.7473172277777778 0.7446958953703704 0.13778538333333334
2 0.700561775 0.7750734055555556 0.6862690324074074 0.7869689777777777 0.6782336805555556 0.8561909541666667 0.6951794657407407 0.8610594944444445 0.700561775 0.7750734055555556
2 0.17739746296296297 0.23901823194444446 0.028159832407407406 0.19863591249999998 0.0033277361111111107 0.6576346888888889 0.15398498425925927 0.6528298652777778 0.17739746296296297 0.23901823194444446
0 0.02619035925925926 0.18194349583333333 0.02332706111111111 0.1991593638888889 0.1775886611111111 0.23491682916666667 0.17967279259259258 0.2196799611111111 0.02619035925925926 0.18194349583333333
0 0.5367887027777778 0.14920325416666666 0.5333068324074074 0.17290101944444444 0.8904406277777778 0.039732452777777774 0.8200034796296296 0.03343805833333333 0.5367887027777778 0.14920325416666666
0 0.036399507407407404 0 0.03640774259259259 0.0038274305555555553 0.5368189435185186 0.20548315 0.5327322953703704 0.1725194236111111 0.351123887037037 0.09252663611111112 0.34814763425925926 0.09891101944444446 0.3504019537037037 0.0924509125 0.13370316666666665 0 0.036399507407407404 0