0 0.7287857731481481 0.11119427083333334 0.9985815601851852 0.002127659722222222 0.8695035462962963 0 0.784680850925926 0.04042553194444445 0.7919148935185185 0.054893616666666666 0.7968794324074073 0.054893616666666666 0.7995744685185185 0.06255319166666666 0.795886525 0.06829787222222222 0.7916312055555556 0.07106382916666666 0.7851063833333334 0.07063829722222223 0.7798581564814815 0.06914893611111111 0.7784397166666667 0.06446808472222222 0.7807092194444445 0.058936170833333336 0.7851063833333334 0.05595744722222222 0.7916312055555556 0.054893616666666666 0.784397162962963 0.04085106388888889 0.5182978722222222 0.17191489305555555 0.5229787231481481 0.202340425 0.6389750166666667 0.15075376805555557 0.6389750166666667 0.1325777833333333 0.7009872055555556 0.10905591666666666 0.7287857731481481 0.11119427083333334
0 0.10472813148148148 0.0005910166666666667 0.018439716666666668 0 0.09487785648148149 0.03309692777777778 0.10472813148148148 0.0005910166666666667
0 0.5317779787037037 0.0016429805555555556 0.5317779787037037 0.018894275 0.6550015064814815 0.003285961111111111 0.6544538453703704 0.036145568055555556 0.5405219305555555 0.04337946805555556 0.5212421675925926 0.054396475 0.5267506712962963 0.06059354027777778 0.532947737962963 0.06059354027777778 0.531570612962963 0.07884045972222221 0.5267506712962963 0.09502168888888889 0.52652115 0.11017007499999999 0.5051756981481481 0.11843282916666667 0.48796162407407406 0.12049851944444444 0.46799329814814816 0.11499001527777777 0.4537629972222222 0.10328444444444444 0.4445821574074074 0.09639881527777777 0.4406803009259259 0.08021758472222222 0.435630837962963 0.07470908333333333 0.4365489222222222 0.060937823611111115 0.44389359444444443 0.0650692 0.4512382648148148 0.056117883333333334 0.43210383703703703 0.058325802777777776 0.42553191481481484 0.051753880555555555 0.33133437407407407 0.05011090277777778 0.31654755 0.03532407916666667 0.4425164685185185 0.03064105138888889 0.4519268287037037 0.03787096388888889 0.4599183314814815 0.035460993055555556 0.44165054722222225 0.018805072222222222 0.44021778055555555 0.0016118638888888888 0.12765957407407408 0 0.12158054722222224 0.011500861111111113 0.5174546898148148 0.14834515277777777 0.7972025222222223 0.0005910166666666667 0.5317779787037037 0.0016429805555555556
0 0.12322352777777779 0.011500861111111113 0.10734138425925926 0.036967056944444444 0.5178723407407407 0.1702127652777778 0.5186341361111111 0.1486897236111111 0.12322352777777779 0.011500861111111113
2 0.7837016351851852 0.7114104972222222 0.8012267592592592 0.7385196749999999 0.797393137962963 0.7713792833333334 0.7864399351851852 0.7976669680555555 0.7683671518518519 0.8116323000000001 0.7667241712962962 0.8617432027777778 0.8214901833333333 0.8798159874999999 0.8636600129629629 0.8617432027777778 0.8669459731481481 0.8716010847222222 0.8450395685185186 0.8921383388888889 0.9984892351851851 0.9543245611111112 0.9976499222222222 0.3890469597222222 0.8448948768518518 0.40037769166666665 0.7886608749999999 0.5124260361111111 0.8117202472222222 0.5132784597222222 0.8101672101851852 0.5699642805555556 0.7666821972222222 0.5614225805555556 0.7666821972222222 0.5093958680555555 0.7889423833333333 0.5109489041666667 0.8443340055555555 0.4006833361111111 0.8432986481481481 0.22829631944444442 0.8283721629629629 0.22150216527777777 0.8431406259259259 0.22783150694444443 0.9985815601851852 0.18936170277777778 0.9985815601851852 0.004255319444444444 0.9655247953703704 0.0156083125 0.7251020018518518 0.11254415555555555 0.7136011388888889 0.723732851388889 0.7278403018518519 0.7114104972222222 0.7502943675925926 0.7073030472222223 0.7837016351851852 0.7114104972222222
2 0.7242209333333333 0.7801633361111112 0.7253792981481482 0.7630846569444445 0.721489062037037 0.7482718388888888 0.7137085916666667 0.7532094444444444 0.71161385 0.8371487569444445 0.7187958231481482 0.8375976291666667 0.7220717814814815 0.8188480555555556 0.7242209333333333 0.7801633361111112
2 0.1919674 0.8376160805555556 0.4090435333333333 0.7941224875 0.4059088592592593 0.7847184680555556 0.39101916018518523 0.7741389444444444 0.38239880833333334 0.7376983652777778 0.38396614629629633 0.7071352999999999 0.40434152222222225 0.6906782652777778 0.4286352407407407 0.6883272597222222 0.4286352407407407 0.5272834125 0.3016809685185185 0.5378629361111111 0.3001136314814815 0.5519689652777778 0.2601465462962963 0.5519689652777778 0.2593628777777778 0.5237569069444444 0.302464637037037 0.5249324083333333 0.3016809685185185 0.5355119319444445 0.4270679046296296 0.5272834125 0.42550056851851853 0.2686728569444444 0.5211081064814814 0.2921829083333333 0.5209929074074073 0.27638297916666665 0.5131914898148148 0.27638297916666665 0.512340425925926 0.2631914888888889 0.5207092194444444 0.2621276597222222 0.522765824074074 0.2031494166666667 0.012507347222222222 0.0559069 0.010156341666666667 0.18168567083333334 0.1825633787037037 0.22165275694444447 0.1794287064814815 0.8446690958333333 0.1919674 0.8376160805555556
2 0.6468993944444444 0.7600175277777778 0.6718924981481482 0.7566093763888888 0.6996804611111112 0.7422960027777777 0.702018549074074 0.11218143611111112 0.6404489138888889 0.12971709166666667 0.6320074 0.8120053444444445 0.6456010509259259 0.7785189152777778 0.6468993944444444 0.7600175277777778
2 0.6923082194444444 0.834618151388889 0.698475349074074 0.7667797291666667 0.669695412962963 0.776030425 0.6594168638888889 0.7945318125 0.6566759175925926 0.8325624430555556 0.6923082194444444 0.834618151388889
2 0.6381745287037036 0.15212252083333333 0.5230547842592593 0.20351526388888888 0.5196286018518519 0.259019425 0.6388597657407407 0.22612807083333333 0.6381745287037036 0.15212252083333333
2 0.6272107444444445 0.8027546513888889 0.6402302398148149 0.2405180388888889 0.5237400212962963 0.2754651041666667 0.5230547842592593 0.28985507222222223 0.6299516907407408 0.259019425 0.6272107444444445 0.8027546513888889
2 0.7272552851851851 0.1130640361111111 0.7039572407407407 0.10998047083333334 0.7012162953703703 0.7400555041666667 0.7121800805555556 0.7256655361111112 0.7272552851851851 0.1130640361111111
2 0.7128653166666666 0.7534176166666667 0.6991605861111111 0.7667797291666667 0.6943639287037037 0.8366738611111111 0.7114948435185185 0.8397574250000001 0.7128653166666666 0.7534176166666667
2 0.16604652777777779 0.27340939305555556 0.015294480555555557 0.24874087916666668 0.011868298148148148 0.7092198569444444 0.1619351074074074 0.6886627611111111 0.16604652777777779 0.27340939305555556
0 0.012553535185185184 0.2322952 0.010497824074074074 0.24976873194444443 0.16604652777777779 0.269297975 0.16741700185185185 0.2538801513888889 0.012553535185185184 0.2322952
0 0.5203855249999999 0.14620840277777777 0.5180141842592593 0.1702127652777778 0.8680851064814815 0 0.7975268231481482 0.0010911083333333333 0.5203855249999999 0.14620840277777777
0 0.52303295 0.2023480388888889 0.5174233009259259 0.16989221527777779 0.3325372712962963 0.10909682916666667 0.3298651703703704 0.11577708055555556 0.3318135759259259 0.10909682916666667 0.09365182962962962 0.03396423472222222 0.011852237962962963 0.000026106944444444445 0.014462863888888889 0.05354392361111111 0.52303295 0.2023480388888889