0 0.5779238768518519 0.13248062916666667 0.7108903212962963 0.12264174027777777 0.7090435657407408 0.16199729305555557 0.5770004981481481 0.16199729305555557 0.5492991564814815 0.16568687638888888 0.5206744361111111 0.16322715555555556 0.45369269629629627 0.17751113472222224 0.4420833638888889 0.16019297500000002 0.5098818638888889 0.15029688333333333 0.5154543435185185 0.13916378055555556 0.5247418083333333 0.12864918333333333 0.48705016111111116 0.010897504166666667 0.5267835416666667 0.0011772319444444445 0.1102236425925926 0 0.19071461296296296 0.025956872222222222 0.11225456388888888 0.0021383513888888887 0.30892481666666666 0.22025018750000003 0.7552458787037037 0.2213193638888889 0.9737483287037036 0.0017168208333333333 0.8535703277777777 0.030338048611111113 0.8524542425925926 0.030181572222222224 0.8535703277777777 0.02817798888888889 0.9738680842592592 0.0011868888888888888 0.524860725 0.0032075277777777775 0.536901762037037 0.05238960833333333 0.5505482685185186 0.04811290416666667 0.5513510046296296 0.10371004027777778 0.5659199620370371 0.11649243611111111 0.5779238768518519 0.13248062916666667
0 0.0926517574074074 0 0.09214900833333332 0.0033372930555555557 0.2948703388888889 0.22690355277777777 0.30946627499999996 0.22042337222222222 0.1102236425925926 0 0.0926517574074074 0
0 0.9768248981481482 0.00009720277777777779 0.7530205481481482 0.2236634611111111 0.7676164842592592 0.23014364444444446 0.9984025555555556 0 0.9768248981481482 0.00009720277777777779
0 0.2964921101851852 0.23014364444444446 0.08785942499999999 0 0.0005189666666666667 0.0033372930555555557 0.0005189666666666667 0.03249811111111111 0.2535151888888889 0.2420239763888889 0.2964921101851852 0.23014364444444446
0 0.8754642314814814 0.22582352361111113 0.9984025555555556 0.10638297916666666 0.9968051120370369 0 0.770860025925926 0.2290636125 0.8057280944444444 0.231223675 0.8754642314814814 0.22582352361111113
0 0.20891649537037038 0.23986391666666668 0.25270430185185183 0.23986391666666668 0.0005189666666666667 0.034658170833333335 0.0005189666666666667 0.057338806944444445 0.20891649537037038 0.23986391666666668
2 0.13512592962962963 0.8760017277777777 0.2227015462962963 0.7809590652777778 0.2081056101851852 0.23878388472222223 0.002140737962962963 0.05949886527777778 0 0.11276595694444445 0.1156646824074074 0.18694243472222224 0.13512592962962963 0.8760017277777777
2 0.9808793240740741 0.15238146527777777 0.975203125925926 0.1361810125 0.9970970305555555 0.12214061944444446 0.9962861453703704 0.10594016527777779 0.8746533462962963 0.22582352361111113 0.8649227222222222 0.7820390972222222 0.9565527638888888 0.8738416680555556 0.9841228657407408 0.1923425847222222 0.9914208342592592 0.15778161666666665 0.9808793240740741 0.15238146527777777
2 0.8770860027777778 0.22690355277777777 0.8097825203703704 0.22798358333333332 0.8041063222222222 0.7831191277777778 0.864111837037037 0.7852791875 0.8770860027777778 0.22690355277777777
2 0.8081607490740741 0.23014364444444446 0.7927539277777779 0.23446376527777776 0.7927539277777779 0.7744788847222221 0.8024845527777777 0.7820390972222222 0.8081607490740741 0.23014364444444446
2 0.25513695833333333 0.7863592166666666 0.26811112314814817 0.7766389472222222 0.2583805 0.2420239763888889 0.24864987499999996 0.23878388472222223 0.25513695833333333 0.7863592166666666
2 0.24864987499999996 0.23878388472222223 0.20891649537037038 0.24094394722222223 0.22432331666666666 0.7831191277777778 0.25513695833333333 0.7863592166666666 0.24864987499999996 0.23878388472222223
2 0.2964921101851852 0.231223675 0.2600022703703704 0.24418403611111114 0.26759942685185184 0.6667278069444444 0.27723917592592595 0.6667278069444444 0.27655062314814816 0.6557226708333334 0.3378318833333333 0.6557226708333334 0.33852043611111116 0.6768158472222222 0.2758620685185185 0.6777329430555555 0.27792772962962964 0.6667278069444444 0.26759942685185184 0.6676449 0.2682879805555555 0.7740278791666667 0.7943428453703704 0.7758620680555555 0.7937143833333333 0.6696458347222222 0.7935644583333333 0.6696213833333333 0.7919430435185185 0.23770385555555554 0.7700491388888888 0.23014364444444446 0.7538314333333334 0.2236634611111111 0.3078445046296296 0.2236634611111111 0.2964921101851852 0.231223675