0 0.09412775833333333 0.0007092194444444445 0.25013545555555555 0.17490357083333333 0.7415129953703703 0.17117083472222222 0.858285224074074 0.003197711111111111 0.09412775833333333 0.0007092194444444445
2 0 0.9978723402777777 0.011182108333333333 0.9978723402777777 0.12028473796296298 0.8828791833333333 0.11467967129629629 0.2868856527777778 0.24733292129629628 0.34785367638888887 0.24639874444444443 0.19356725138888892 0.06049735648148149 0.001953465277777778 0 0.006382979166666667 0 0.3021276597222222 0.006636266666666667 0.2929477875 0.048823958333333334 0.30178672916666666 0.05593424444444444 0.30999431666666666 0.04313572962962963 0.3257781430555555 0.037447501851851854 0.3516636152777778 0.03886955925925926 0.3623966152777778 0.03247202037037037 0.36651735694444443 0.03247202037037037 0.375227075 0.012854287962962964 0.3864252833333333 0 0.3808510638888889 0 0.9978723402777777
2 0.2691057138888889 0.7493880611111111 0.26769204629629634 0.3558651847222222 0.7445230490740741 0.34726443888888886 0.7453204555555556 0.19069225555555558 0.5769092509259259 0.18847763611111112 0.5786706694444445 0.26120547083333334 0.4166244666666667 0.2605923111111111 0.4193866185185185 0.18701330694444446 0.2472789296296296 0.19473494444444445 0.2528485398148148 0.7484466208333334 0.2691057138888889 0.7493880611111111
2 0.29615084351851856 0.7304785888888888 0.29172467592592594 0.36443539305555556 0.26758194444444444 0.35586044305555553 0.27080097592592595 0.7465566208333333 0.2800556888888889 0.7379816708333333 0.29615084351851856 0.7304785888888888
2 0.9984025555555556 0 0.8972861805555555 0.004010759722222222 0.7458044138888889 0.19598924027777778 0.7448863435185186 0.34883834722222223 0.9984025555555556 0.20638297916666665 0.9984025555555556 0
2 0.2665766324074074 0.3570709444444444 0.29177291018518514 0.36579636111111113 0.739258825925926 0.35908450277777776 0.7448020083333333 0.34767434027777777 0.2665766324074074 0.3570709444444444
2 0.8089997185185185 0.3355757194444445 0.8089701546296296 0.33506383472222223 0.9577808546296296 0.26700975555555556 0.9577808546296296 0.267555475 0.9984025555555556 0.2468085111111111 0.9984025555555556 0.20638297916666665 0.7458098592592592 0.3496878972222222 0.7387549009259259 0.36176924722222226 0.7589119231481481 0.3543862 0.7694943611111111 0.348345525 0.7846121277777778 0.3490167125 0.8089997185185185 0.3355757194444445
2 0.75918135 0.3554876763888889 0.7392551481481482 0.36108091249999996 0.7350615259259259 0.7330945847222221 0.7524594314814815 0.7388877194444444 0.75918135 0.3554876763888889
2 0.7526607731481482 0.7394596000000001 0.7663811518518518 0.7479441319444444 0.7698112462962964 0.34786581527777777 0.759520962962963 0.3543923763888889 0.7526607731481482 0.7394596000000001
2 0.7678511935185185 0.7499021027777778 0.782551599074074 0.7499021027777778 0.7845116518518519 0.3485184708333333 0.7698112462962964 0.34786581527777777 0.7678511935185185 0.7499021027777778
0 0.24686655277777778 0.19203491527777777 0.2517817648148148 0.17457719583333334 0.09613336574074073 0.0010911083333333333 0.06008847407407407 0.0021822152777777777 0.24686655277777778 0.19203491527777777
0 0.7449414268518518 0.19203491527777777 0.7416646185185185 0.16912165694444445 0.25096256203703704 0.17566830416666665 0.2476857537037037 0.19530823888888887 0.41905138796296293 0.1872125236111111 0.576978225 0.18748150694444443 0.7449414268518518 0.19203491527777777
0 0.8610223638888889 0 0.7419135907407407 0.1697677652777778 0.746218438888889 0.1939371111111111 0.8977635787037037 0 0.8610223638888889 0