0 0.06664209074074073 0.0010911083333333333 0.25751617870370375 0.2171303875 0.7088965351851851 0.22476814027777775 0.900589825925926 0 0.06664209074074073 0.0010911083333333333
0 0.2567995222222222 0.21578391527777777 0.06664209074074073 0 0 0.002127659722222222 0.001925125 0.042553191666666663 0.25014336111111113 0.2618657930555556 0.2567995222222222 0.21578391527777777
0 0.7098416962962963 0.22476403888888888 0.25843095555555556 0.21631205694444447 0.24862475740740742 0.2591585347222222 0.7154774583333333 0.2695035472222222 0.7098416962962963 0.22476403888888888
0 0.9965650333333333 0.001352847222222222 0.9009584666666666 0 0.7079911407407408 0.22323456388888888 0.7158580962962964 0.2682326888888889 0.9965650333333333 0.001352847222222222
2 0.8128360083333334 0.3460651111111111 0.9984025555555556 0.2744680847222222 0.9983458416666666 0.09588316805555556 0.7365162490740741 0.2859876611111111 0.7336805490740741 0.6913760555555555 0.804573037962963 0.7568425027777778 0.8128360083333334 0.3460651111111111
2 0.9653200046296296 0.4799130638888889 0.9984025555555556 0.4808510638888889 0.9984025555555556 0.4042553194444444 0.9573381888888889 0.40956702777777776 0.9984025555555556 0.40212765972222225 0.9984025555555556 0.3234042555555556 0.8614002537037037 0.36209105555555554 0.8588237314814815 0.6583619319444445 0.9984025555555556 0.6574468083333334 0.9984025555555556 0.5468085111111112 0.9636023222222221 0.5462594361111112 0.9653200046296296 0.4799130638888889
2 0 0.5170212763888888 0.06135877962962963 0.5121882486111111 0.07193788055555556 0.5199380027777778 0.05236654444444444 0.5312103708333333 0.04601908425925926 0.5424827388888889 0.03649789444444445 0.5460053555555555 0.03808476018518518 0.5854586444444444 0.041787444444444447 0.5882767361111111 0.03649789444444445 0.5939129208333334 0.03808476018518518 0.7834296194444446 0.09814926666666667 0.7444891708333333 0.10361799537037038 0.7571401194444445 0.0983411537037037 0.7961152638888889 0.20723599074074076 0.7079419847222223 0.20392903240740742 0.5780548111111111 0.1953012648148148 0.5770101347222222 0.19634705555555557 0.5655186833333333 0.20523627037037037 0.5655186833333333 0.20575916481481482 0.36494062777777775 0.22678739907407405 0.3704112 0.22578715 0.34007468055555556 0.2161911962962963 0.34182893611111115 0.1469648564814815 0.3030732847222222 0.1458998925925926 0.23735224722222223 0.17536386296296294 0.2392434972222222 0.22719204814814814 0.2780141847222222 0.2282570111111111 0.2718676125 0 0.1085106388888889 0 0.5170212763888888
2 0.22705511018518518 0.27842666805555555 0.24506783240740737 0.290422375 0.24554185185185187 0.3257781430555555 0.2256706722222222 0.34110097916666665 0.2272554388888889 0.37065180694444444 0.24722349074074074 0.3799392111111111 0.24824281111111113 0.3746808513888889 0.3652692287037037 0.3775298388888889 0.36480638055555553 0.5258789805555555 0.365372812962963 0.5258940680555556 0.36495913611111114 0.6920870194444445 0.4194328101851852 0.6920870194444445 0.41940385925925927 0.6924854569444445 0.7345200064814815 0.6909827763888889 0.7383234444444444 0.28672745694444446 0.22800314722222223 0.2721131388888889 0.22705511018518518 0.27842666805555555
0 0.24881655277777778 0.2589952111111111 0.001996805555555556 0.041755319444444446 0.0004356657407407408 0.10928433194444445 0.2283232074074074 0.2720613875 0.24158068333333332 0.27380537222222223 0.2415724009259259 0.27359577083333336 0.5009245898148148 0.2804204361111111 0.5009269120370371 0.28047748333333333 0.6146964851851852 0.2831914888888889 0.6145531249999999 0.27650845555555553 0.6148562296296296 0.28276595694444445 0.722843450925926 0.28659574444444447 0.7228056231481482 0.2859575513888889 0.7358488805555555 0.2859624083333333 0.829460037037037 0.2189690472222222 0.828890812962963 0.215936425 0.829925763888889 0.2202096638888889 0.9337829157407407 0.14391166805555555 0.9317770027777778 0.12936572361111112 0.9340157796296296 0.1427485888888889 0.9969548722222222 0.097340425 0.998202875 0.0009308513888888888 0.7150862287037038 0.2679068722222222 0.24881655277777778 0.2589952111111111
2 0.3379957925925926 0.39439543472222227 0.27254103333333335 0.3906123111111111 0.28382069629629625 0.3958908555555556 0.28534497407407405 0.6423582916666667 0.3396092972222222 0.5960695152777777 0.3379957925925926 0.39439543472222227
2 0.36380815 0.39374675694444444 0.3379957925925926 0.39439543472222227 0.3394568694444445 0.5961338875000001 0.3647822027777778 0.5961338875000001 0.36380815 0.39374675694444444