0 0.14812842685185185 0.00031520833333333336 0.30590068240740736 0.20388757500000002 0.7348440027777778 0.20388757500000002 0.915335462962963 0 0.14812842685185185 0.00031520833333333336
2 0.24630358981481482 0.33646709583333334 0.24630358981481482 0.21622958888888888 0.3009702990740741 0.26298922916666667 0.29899814722222223 0.22490149722222222 0.10572713240740741 0.0016285791666666666 0.002189089814814815 0.0016285791666666666 0.0002169361111111111 0.21964801666666667 0.24630358981481482 0.33646709583333334
2 0 0.25106382916666664 0.1749139361111111 0.3249216555555555 0.17610803796296298 0.32121062083333335 0.17522351759259258 0.32450931944444444 0.20432424444444444 0.33894111944444444 0.24673608611111109 0.33653795694444444 0 0.21914893611111114 0 0.25106382916666664
2 0.2366712175925926 0.3747634652777778 0.21795929074074072 0.3692250888888889 0.22188351944444443 0.7007612722222222 0.2380045148148148 0.7027132527777779 0.2366712175925926 0.3747634652777778
2 0.2459320898148148 0.24789708055555554 0.24667508796296295 0.33696190000000004 0.2046957425925926 0.33894111944444444 0.25670554907407406 0.36318654027777775 0.25967753981481484 0.2657100444444444 0.30128538518518516 0.26422563194444443 0.24630358981481482 0.21721919722222222 0.24556059074074074 0.23998020833333333 0.26413552222222225 0.24096981666666667 0.26227803055555554 0.24938149305555557 0.2459320898148148 0.24789708055555554
2 0.5182405833333333 0.718456211111111 0.5203805787037037 0.36364274027777777 0.6318778851851852 0.36406619305555554 0.627736362962963 0.7218282111111112 0.7348242814814815 0.7194641444444444 0.7398097111111112 0.21985036111111111 0.30007372870370375 0.22569558055555558 0.30007372870370375 0.26427402361111113 0.2607920351851852 0.2657100444444444 0.2573659916666666 0.3680063041666667 0.36406865370370367 0.36368134722222223 0.36444015185185186 0.718456211111111 0.5182405833333333 0.718456211111111
2 0.9361332537037037 0.37554224305555556 0.9358230722222222 0.383805 0.9454387537037037 0.383805 0.955054437962963 0.37058458888888884 0.9606377361111111 0.3643875236111111 0.9612581037037038 0.3503408388888889 0.9581562703703704 0.3404255319444444 0.9569155370370369 0.32100805555555556 0.9507118703703704 0.3189423680555556 0.944818387962963 0.3296839486111111 0.9417165546296297 0.35571162916666665 0.9407860046296297 0.3664532125 0.9361332537037037 0.37554224305555556
2 0.7646964851851852 0.4212765958333333 0.7701277953703703 0.41510638333333333 0.7672523962962964 0.41255319166666665 0.7642172527777779 0.3997872347222222 0.7637380194444444 0.4134042555555556 0.7611821083333333 0.4134042555555556 0.760702875 0.41957446805555554 0.7646964851851852 0.4212765958333333
2 0.7854632583333333 0.3895744680555555 0.7853035148148148 0.4095744680555556 0.7809904157407408 0.41 0.7798722046296296 0.3987234041666667 0.7776357824074074 0.4093617027777778 0.7832268370370371 0.41468085138888894 0.784664537037037 0.4217021277777778 0.783546325925926 0.42617021250000003 0.7801916935185186 0.42 0.7781150157407408 0.42510638333333334 0.7741214055555555 0.42723404305555557 0.7701277953703703 0.42361702083333336 0.7685303518518519 0.42680851111111107 0.7600638981481481 0.42702127638888887 0.7568690092592593 0.4242553194444444 0.7541533546296296 0.4193617027777778 0.753194887962963 0.4063829791666667 0.7375399361111111 0.4138297875 0.7358471259259259 0.7040108972222222 0.7418530351851852 0.7040409555555556 0.7418530351851852 0.7044680847222222 0.7354632583333333 0.7040425527777778 0.7356230027777778 0.7197872347222222 0.9856230027777778 0.9978723402777777 0.9984025555555556 0.9978723402777777 0.9984025555555556 0.6872340430555556 0.9984025555555556 0.3468085111111111 0.9894471870370369 0.3481624763888889 0.9879949648148149 0.36492585555555557 0.9870268175925926 0.3836234680555555 0.9773453388888889 0.39329464861111113 0.9666957111111111 0.3894261763888889 0.9666957111111111 0.3707285611111111 0.9574983055555555 0.38426821527777777 0.9502371962962964 0.3926499041666666 0.9361990509259259 0.3958736291666667 0.9231290546296296 0.3829787236111111 0.924097200925926 0.37459703472222217 0.918772387962963 0.36750483611111107 0.919256462037037 0.34429400416666667 0.9042501694444445 0.3223726638888889 0.9463646037037037 0.31205673888888885 0.954593862962963 0.30109606805555555 0.9981455768518519 0.30000642916666664 0.9972749490740741 0.006695870833333333 0.9455929333333333 0.00043804722222222223 0.7403756824074074 0.21955635972222223 0.737859425 0.4134042555555556 0.7528753990740741 0.40617021249999996 0.7512779555555555 0.39276595694444444 0.7445686898148148 0.3831914888888889 0.7872204472222222 0.3768085111111111 0.7811501601851851 0.38978723472222226 0.7854632583333333 0.3895744680555555
0 0.10695753055555555 0.0020463472222222224 0.2992613101851852 0.22565388333333333 0.3063836712962963 0.20261552916666667 0.15015974444444447 0 0.10695753055555555 0.0020463472222222224
0 0.3063836712962963 0.20261552916666667 0.2992613101851852 0.22429868472222225 0.7418652444444445 0.22158829166666666 0.7347428833333334 0.20397072777777778 0.3063836712962963 0.20261552916666667
0 0.9148368981481482 0.0006911513888888888 0.7357603629629629 0.20397072777777778 0.7408477648148148 0.22158829166666666 0.9440894564814815 0 0.9148368981481482 0.0006911513888888888