0 0.7965511601851852 0.17457719583333334 0.9497419518518517 0.0010911083333333333 0.02895879351851852 0.0010911083333333333 0.0928565574074074 0.062193124999999995 0.08957974907407407 0.10801964027777777 0.1485623 0.1658483361111111 0.7965511601851852 0.17457719583333334
2 0.08794134537037036 0.18112384027777778 0.08794134537037036 0.11783960694444444 0.09449496203703703 0.06328423472222222 0.025559105555555555 0 0.001105923148148148 0.0010911083333333333 0 0.11063829722222224 0.08794134537037036 0.18112384027777778
2 0 0.15957446805555556 0.032235601851851856 0.1822149486111111 0.08876054814814814 0.1822149486111111 0 0.11063829722222224 0 0.15957446805555556
2 0 0.9510638291666667 0.01421315648148148 0.9394435361111112 0.026501188888888888 0.3218767041666667 0.13955107685185184 0.3600654652777778 0.13955107685185184 0.3349699930555555 0.0478004425925926 0.2989634486111111 0.049438846296296295 0.18330605555555554 0.03305480555555556 0.1822149486111111 0 0.15957446805555556 0 0.9510638291666667
2 0.4852543629629629 0.8368794319444444 0.4926271805555556 0.3600654652777778 0.7957319564814815 0.36988543472222224 0.7965511601851852 0.19858155972222222 0.1403702796296296 0.18548827083333336 0.14118948055555555 0.36224768055555556 0.2878266564814815 0.368794325 0.28454984814814815 0.8346972166666666 0.4852543629629629 0.8368794319444444
2 0.8129352009259259 0.368794325 0.9984025555555556 0.29361702083333335 0.9984025555555556 0.14255319166666666 0.9587531740740741 0.13747954305555554 0.939911525925926 0.1167485 0.939911525925926 0.054555375 0.7965511601851852 0.20076377499999998 0.7883591388888889 0.8390616472222222 0.8104775944444444 0.8597926888888889 0.8129352009259259 0.368794325
2 0.9984025555555556 0.2957446805555556 0.8129352009259259 0.3666121111111111 0.8686409444444444 0.36552100416666666 0.9456459407407407 0.35133660694444446 0.9984025555555556 0.3340425527777778 0.9984025555555556 0.2957446805555556
2 0.8620873277777777 0.8466994 0.8145736055555556 0.8346972166666666 0.8162120092592592 0.8117839611111112 0.8653641361111111 0.8216039277777778 0.8702793481481481 0.3666121111111111 0.8121159981481482 0.3677032194444444 0.8121159981481482 0.8608837972222222 0.8620873277777777 0.8728859791666667 0.8620873277777777 0.8466994
0 0.08912453981481482 0.10814345277777779 0.08874689444444445 0.13731703611111112 0.14200868333333336 0.18548827083333336 0.14879266481481482 0.16548463472222222 0.08912453981481482 0.10814345277777779
0 0.14879266481481482 0.16498164027777779 0.14118948055555555 0.18657937916666667 0.7975891055555556 0.19817916527777776 0.7940935527777778 0.1734860888888889 0.14879266481481482 0.16498164027777779
0 0.9759564185185186 0.0010911083333333333 0.9489227490740741 0.0021822152777777777 0.7953232268518519 0.17504149722222223 0.7973703611111111 0.1974904527777778 0.939911525925926 0.05564648055555556 0.9431883342592593 0.03273322361111111 0.9759564185185186 0.0010911083333333333