0 0.03715081481481482 0.0010911083333333333 0.24277054166666667 0.22040371111111112 0.7433030222222222 0.22804146111111112 0.9407307287037037 0.0010911083333333333 0.03715081481481482 0.0010911083333333333
2 0.23375931759259258 0.24659028888888887 0.001105923148148148 0 0.001105923148148148 0.30660119999999996 0.23294011666666667 0.4048008722222223 0.23375931759259258 0.24659028888888887
2 0.3369787824074074 0.4069830875 0.3369787824074074 0.8139661763888889 0.35909723981481484 0.8139661763888889 0.3550012287037037 0.4037097652777778 0.4827967555555555 0.40152755138888885 0.4827967555555555 0.8106928527777778 0.5065536166666667 0.8117839611111112 0.504915212037037 0.3960720125 0.749037437962963 0.39498090694444443 0.749037437962963 0.3775231847222222 0.5032768083333333 0.37643207916666666 0.5016384037037037 0.2651391166666667 0.7465798305555555 0.2684124388888889 0.7473990333333334 0.24986361111111113 0.23375931759259258 0.24549918055555556 0.23130171203703703 0.41134751666666663 0.3369787824074074 0.4069830875
2 0.9872204472222222 0 0.7473990333333334 0.24986361111111113 0.7517914842592592 0.45678567222222227 0.7797617527777778 0.4569575402777778 0.7519968055555556 0.4574468083333333 0.755469949074074 0.7996005833333333 0.8001030990740741 0.8507706347222221 0.7998754342592592 0.8518319388888889 0.9425260018518519 0.9971480291666667 0.9984025555555556 0.9978723402777777 0.9984025555555556 0.7914893611111111 0.9906064166666666 0.7859106166666666 0.9898420898148149 0.751297975 0.9974853629629631 0.7533340125 0.9968051120370369 0 0.9872204472222222 0
2 0 0.3191489361111111 0.21193996666666667 0.41068777916666666 0.2330106425925926 0.4047352430555556 0 0.30425531944444445 0 0.3191489361111111
2 0 0.9978723402777777 0.04313099074074074 0.9978723402777777 0.10270320925925926 0.9323846361111112 0.10280081759259259 0.9336197069444444 0.13202850185185183 0.9047587083333334 0.13001699537037037 0.6294754388888889 0.13021026851851852 0.6293913888888889 0.1309532648148148 0.3760514597222222 0 0.32127659583333334 0 0.9978723402777777
2 0.1766516648148148 0.6476160888888889 0.17490263703703704 0.5870476791666667 0.12884494259259258 0.5870476791666667 0.13059396944444443 0.6437335 0.1766516648148148 0.6476160888888889
0 0.13449271574074073 0.3984791972222222 0.13229691574074076 0.4152957513888889 0.17676185462962962 0.4145645972222222 0.13449271574074073 0.3984791972222222
0 0.24576847314814818 0.22304210000000002 0.036741213888888895 0.0012222722222222223 0.0015974444444444445 0 0.23387261203703705 0.2468085111111111 0.24576847314814818 0.22304210000000002
0 0.24418842314814815 0.2213625611111111 0.23557202037037037 0.2456767763888889 0.7479437157407408 0.2502037125 0.7427331944444444 0.2284105125 0.24418842314814815 0.2213625611111111
0 0.9408945685185186 0 0.7415170203703704 0.2292736611111111 0.7478086342592593 0.2468085111111111 0.9856230027777778 0 0.9408945685185186 0