2 0.8215873018518519 0.6253968249999999 0.8289947092592593 0.6301587305555556 0.8279365092592592 0.6134920638888889 0.843211875925926 0.6201079611111111 0.8416931222222223 0.6436507930555555 0.8554497351851852 0.6587301583333333 0.8734391537037037 0.6436507930555555 0.8882539685185186 0.6428571430555555 0.8882539685185186 0.6142857152777778 0.8512169314814815 0.5952380944444445 0.8787301574074073 0.5769841263888889 0.9977777777777777 0.575 0.9972486777777777 0.16825396805555556 0.9740740731481481 0.18611111111111112 0.928888888888889 0.17444444444444443 0.9251851842592593 0.14444444444444443 0.9577777777777778 0.12222222222222222 0.9977777777777777 0.135 0.9944159537037036 0.027777777777777776 0.8234757842592593 0.19230769166666664 0.8277492870370371 0.26816239305555556 0.8177777777777778 0.27457265 0.8215873018518519 0.6253968249999999
2 0.9034907777777778 0.6194331986111111 0.9032539685185185 0.6428571430555555 0.9558333333333333 0.6428571430555555 0.9493747175925926 0.6322537111111111 0.9178857398148148 0.6241565444444445 0.9034907777777778 0.6194331986111111
2 0.9862618092592592 0.632928475 0.9664687351851852 0.6349527666666667 0.9637696796296296 0.6437246972222223 0.9862618092592592 0.6410256416666666 0.9862618092592592 0.632928475
2 0.28360773796296296 0.5215924430555555 0.2845074222222222 0.5391363013888889 0.28814814907407404 0.5505555555555556 0.29037037129629634 0.6172222222222222 0.29440395740740744 0.6342780027777778 0.2962962953703704 0.6383333333333334 0.31779577129629627 0.6383265847222223 0.3043004953703704 0.33265856944444444 0.49503373796296296 0.32928474999999996 0.5049302731481482 0.6356275305555555 0.5742060287037037 0.6383265847222223 0.5742060287037037 0.6275303652777778 0.6272874490740741 0.6241565444444445 0.6425820953703704 0.6174089069444444 0.7667386425925926 0.6167341430555555 0.773036437962963 0.6214574902777777 0.8180206935185186 0.6214574902777777 0.815321637962963 0.4264507416666667 0.6092937462962963 0.43859649166666664 0.6090569888888889 0.4384950236111111 0.815321637962963 0.4251012152777778 0.8126225824074074 0.27530364305555555 0.27461088703703707 0.2901484486111111 0.27641025555555554 0.40080971666666665 0.2908052175925926 0.4156545222222222 0.2962033287037037 0.5215924430555555 0.28360773796296296 0.5215924430555555
2 0.08518518425925926 0.3761111111111111 0.08518518425925926 0.3983333333333334 0.09703703796296295 0.37222222222222223 0.11259259351851852 0.3816666666666667 0.11777777777777779 0.37333333333333335 0.12222222222222222 0.38111111111111107 0.13333333333333333 0.37333333333333335 0.1511111111111111 0.3855555555555556 0.15333333333333332 0.3716666666666667 0.16814814907407408 0.38333333333333336 0.17481481574074076 0.38333333333333336 0.17037037129629629 0.37277777777777776 0.17659137592592591 0.37268993888888885 0.18069815092592592 0.38193018472222223 0.19393109814814813 0.3822724166666666 0.18845539537037037 0.37234770694444447 0.19438740648148148 0.37200547500000003 0.19895049074074075 0.3805612597222222 0.21355236203703704 0.3805612597222222 0.20807666018518517 0.37268993888888885 0.21263974444444445 0.37234770694444447 0.2181154462962963 0.3815879527777778 0.22861053981481483 0.37885010277777775 0.22724161574074073 0.37200547500000003 0.23317362407407408 0.3709787819444444 0.23454255092592594 0.3781656402777778 0.24595026203703704 0.38295687777777776 0.2454939537037037 0.38980150555555554 0.2541638157407407 0.3945927444444445 0.24592592685185188 0.19833333333333336 0.11333333333333334 0.20111111111111113 0.1214814824074074 0.28111111111111114 0.07777777777777778 0.2838888888888889 0.08518518425925926 0.3761111111111111
2 0.17659137592592591 0.5284052013888889 0.16883413148148146 0.5270362763888888 0.1674652064814815 0.5869267611111111 0.17099499814814814 0.6104219347222222 0.17704768425925926 0.6095140319444444 0.2728724620370371 0.6273100611111111 0.27469769537037036 0.54312115 0.19073693796296295 0.5468856944444445 0.17841660925925926 0.5116358666666666 0.17659137592592591 0.5284052013888889
2 0.1318731462962963 0.5390143736111112 0.09415100648148148 0.5454995055555555 0.10175678703703703 0.6208076666666666 0.1631329287037037 0.6116012444444444 0.15560118703703704 0.6013004777777778 0.16016427129629632 0.5564681722222222 0.15377595370370373 0.5253251194444444 0.14921286851851853 0.524298425 0.1464750175925926 0.5349075986111111 0.13232945555555556 0.5349075986111111 0.1318731462962963 0.5390143736111112
2 0.2649390046296296 0.21216617222222223 0.2682360685185185 0.28733926805555554 0.8228025064814815 0.267556875 0.8221430935185186 0.19337289861111112 0.2649390046296296 0.21216617222222223
2 0.2649390046296296 0.2116716111111111 0.24911308888888892 0.20029673611111112 0.2543883935185185 0.39515331388888886 0.27614902685185183 0.4015825916666667 0.2649390046296296 0.2116716111111111
2 0.27417078888888885 0.5420375861111111 0.27351137592592595 0.6305637986111111 0.29593142037037035 0.6360039569444444 0.2880184648148148 0.5415430263888888 0.27417078888888885 0.5420375861111111
2 0.07832509074074075 0.65825915 0.09876689814814815 0.6498516319444444 0.09744807129629629 0.6449060333333333 0.08557863518518519 0.6449060333333333 0.08294098240740741 0.6330365972222223 0.10206396203703703 0.6236399597222223 0.09546983148148147 0.5454995055555555 0.09546983148148147 0.5430267069444444 0.08689746203703703 0.5400593472222223 0.07502802407407407 0.5059347180555556 0.07766567777777779 0.4015825916666667 0.08557863518518519 0.3936696333333333 0.07634685092592593 0.2843719083333333 0.0011737555555555554 0.25865479722222223 0.0018331685185185185 0.65825915 0.05854269814814815 0.6483679527777778 0.07832509074074075 0.65825915
2 0.1140255 0.19877049166666666 0 0.14833333333333332 0.00018214907407407407 0.24453551805555557 0.12313296851851853 0.28142076527777776 0.1140255 0.19877049166666666
2 0.12222222222222222 0.28278688472222224 0.0029143888888888887 0.24931694027777776 0.00018214907407407407 0.25887978194444444 0.06706552685185185 0.2777777777777778 0.07941712222222222 0.2862021847222222 0.12222222222222222 0.28278688472222224
0 0.33897996481481485 0.20833333333333334 0.33496011574074075 0.1857216888888889 0.3417122046296296 0.20901639305555555 0.8207650268518519 0.19330601111111112 0.9535839240740742 0.06316491388888888 0.9977777777777777 0.026666666666666665 0.9977777777777777 0 0.6759562842592592 0.004781419444444444 0.0020036425925925925 0.002049180555555556 0.0020036425925925925 0.15027322361111112 0.1140255 0.19877049166666666 0.24881602870370373 0.19808743194444445 0.2652094712962963 0.2096994527777778 0.33897996481481485 0.20833333333333334