2 0.0022222222222222222 0.135 0.042222222222222223 0.12222222222222222 0.07481481574074074 0.14444444444444443 0.07111111111111111 0.17444444444444443 0.02592592685185185 0.18611111111111112 0.002751322222222222 0.16825396805555556 0.0022222222222222222 0.575 0.12126984259259259 0.5769841263888889 0.1487830685185185 0.5952380944444445 0.11174603148148149 0.6142857152777778 0.11174603148148149 0.6428571430555555 0.1265608462962963 0.6436507930555555 0.1445502648148148 0.6587301583333333 0.15830687777777777 0.6436507930555555 0.15678812407407408 0.6201079611111111 0.17206349074074076 0.6134920638888889 0.17100529074074072 0.6301587305555556 0.17841269814814814 0.6253968249999999 0.18222222222222223 0.27457265 0.17225071296296296 0.26816239305555556 0.17652421574074073 0.19230769166666664 0.005584046296296297 0.027777777777777776 0.0022222222222222222 0.135
2 0.09650922222222223 0.6194331986111111 0.0821142601851852 0.6241565444444445 0.05062528240740741 0.6322537111111111 0.04416666666666667 0.6428571430555555 0.09674603148148149 0.6428571430555555 0.09650922222222223 0.6194331986111111
2 0.01373819074074074 0.6410256416666666 0.03623032037037037 0.6437246972222223 0.03353126481481482 0.6349527666666667 0.01373819074074074 0.632928475 0.01373819074074074 0.6410256416666666
2 0.1873774175925926 0.27530364305555555 0.18467836203703702 0.4251012152777778 0.3909430111111111 0.4384950236111111 0.3907062537037037 0.43859649166666664 0.18467836203703702 0.4264507416666667 0.1819793064814815 0.6214574902777777 0.22696356203703702 0.6214574902777777 0.23326135740740742 0.6167341430555555 0.35741790462962963 0.6174089069444444 0.3727125509259259 0.6241565444444445 0.42579397129629626 0.6275303652777778 0.42579397129629626 0.6383265847222223 0.49506972685185185 0.6356275305555555 0.504966262037037 0.32928474999999996 0.6956995046296296 0.33265856944444444 0.6822042287037037 0.6383265847222223 0.7037037046296296 0.6383333333333334 0.7055960425925926 0.6342780027777778 0.7096296287037037 0.6172222222222222 0.7118518509259258 0.5505555555555556 0.7154925777777777 0.5391363013888889 0.7163922620370371 0.5215924430555555 0.7037966712962963 0.5215924430555555 0.7091947824074074 0.4156545222222222 0.7235897444444445 0.40080971666666665 0.725389112962963 0.2901484486111111 0.1873774175925926 0.27530364305555555
2 0.7458361842592592 0.3945927444444445 0.7545060462962964 0.38980150555555554 0.754049737962963 0.38295687777777776 0.7654574490740741 0.3781656402777778 0.766826375925926 0.3709787819444444 0.7727583842592592 0.37200547500000003 0.7713894601851853 0.37885010277777775 0.7818845537037038 0.3815879527777778 0.7873602555555556 0.37234770694444447 0.7919233398148148 0.37268993888888885 0.7864476379629629 0.3805612597222222 0.8010495092592592 0.3805612597222222 0.8056125935185185 0.37200547500000003 0.8115446046296296 0.37234770694444447 0.8060689018518518 0.3822724166666666 0.8193018490740741 0.38193018472222223 0.823408624074074 0.37268993888888885 0.8296296287037037 0.37277777777777776 0.8251851842592594 0.38333333333333336 0.831851850925926 0.38333333333333336 0.8466666666666667 0.3716666666666667 0.8488888888888888 0.3855555555555556 0.8666666666666667 0.37333333333333335 0.8777777777777778 0.38111111111111107 0.8822222222222221 0.37333333333333335 0.8874074064814814 0.3816666666666667 0.9029629620370371 0.37222222222222223 0.9148148157407407 0.3983333333333334 0.9148148157407407 0.3761111111111111 0.9222222222222223 0.2838888888888889 0.8785185175925926 0.28111111111111114 0.8866666666666667 0.20111111111111113 0.7540740731481481 0.19833333333333336 0.7458361842592592 0.3945927444444445
2 0.8229523157407408 0.6095140319444444 0.8290050018518519 0.6104219347222222 0.8325347935185184 0.5869267611111111 0.8311658685185185 0.5270362763888888 0.823408624074074 0.5284052013888889 0.8215833907407407 0.5116358666666666 0.809263062037037 0.5468856944444445 0.7253023046296296 0.54312115 0.7271275379629629 0.6273100611111111 0.8229523157407408 0.6095140319444444
2 0.8398357287037037 0.5564681722222222 0.844398812962963 0.6013004777777778 0.8368670712962962 0.6116012444444444 0.898243212962963 0.6208076666666666 0.9058489935185186 0.5454995055555555 0.8681268537037037 0.5390143736111112 0.8676705444444445 0.5349075986111111 0.8535249824074074 0.5349075986111111 0.8507871314814814 0.524298425 0.8462240462962963 0.5253251194444444 0.8398357287037037 0.5564681722222222
2 0.17785690648148147 0.19337289861111112 0.17719749351851852 0.267556875 0.7317639314814814 0.28733926805555554 0.7350609953703703 0.21216617222222223 0.17785690648148147 0.19337289861111112
2 0.7238509731481482 0.4015825916666667 0.7456116064814815 0.39515331388888886 0.750886911111111 0.20029673611111112 0.7350609953703703 0.2116716111111111 0.7238509731481482 0.4015825916666667
2 0.7119815351851853 0.5415430263888888 0.7040685796296295 0.6360039569444444 0.7264886240740741 0.6305637986111111 0.7258292111111111 0.5420375861111111 0.7119815351851853 0.5415430263888888
2 0.9144213648148148 0.3936696333333333 0.9223343222222222 0.4015825916666667 0.924971975925926 0.5059347180555556 0.913102537962963 0.5400593472222223 0.9045301685185184 0.5430267069444444 0.9045301685185184 0.5454995055555555 0.897936037962963 0.6236399597222223 0.9170590175925926 0.6330365972222223 0.9144213648148148 0.6449060333333333 0.9025519287037037 0.6449060333333333 0.9012331018518519 0.6498516319444444 0.9216749092592593 0.65825915 0.9414573018518518 0.6483679527777778 0.9981668314814814 0.65825915 0.9988262444444445 0.25865479722222223 0.923653149074074 0.2843719083333333 0.9144213648148148 0.3936696333333333
2 0.8768670314814815 0.28142076527777776 0.9998178509259259 0.24453551805555557 1 0.14833333333333332 0.8859745 0.19877049166666666 0.8768670314814815 0.28142076527777776
2 0.8777777777777778 0.28278688472222224 0.9205828777777778 0.2862021847222222 0.9329344731481481 0.2777777777777778 0.9998178509259259 0.25887978194444444 0.9970856111111112 0.24931694027777776 0.8777777777777778 0.28278688472222224
0 0.9979963574074074 0.002049180555555556 0.32404371574074076 0.004781419444444444 0.0022222222222222222 0 0.0022222222222222222 0.026666666666666665 0.04641607592592593 0.06316491388888888 0.17923497314814815 0.19330601111111112 0.6582877953703704 0.20901639305555555 0.6650398842592592 0.1857216888888889 0.6610200351851853 0.20833333333333334 0.7347905287037036 0.2096994527777778 0.7511839712962963 0.19808743194444445 0.8859745 0.19877049166666666 0.9979963574074074 0.15027322361111112 0.9979963574074074 0.002049180555555556