0 0.5413787685185185 0.10584839166666667 0.699841537037037 0.001069176388888889 0.24586711944444445 0 0.5413787685185185 0.10584839166666667
2 0.6831341351851852 0.8122209972222223 0.6850693583333334 0.6382978722222222 0.9985795453703704 0.7 0.9985795453703704 0.18723404305555558 0.9985795453703704 0.002127659722222222 0.6997505185185184 0.00009720277777777779 0.5413787685185185 0.10798674305555556 0.5392373805555555 0.6671656152777777 0.6687308481481482 0.7040401611111111 0.6645559814814815 0.7154037916666667 0.662233712962963 0.8145399722222223 0.6831341351851852 0.8122209972222223
2 0 0.8420737194444445 0.02250720185185185 0.8495654791666667 0.021006721296296296 0.8637998194444445 0.0025008 0.8705424041666666 0.02450784259259259 0.8757866347222222 0.023507523148148145 0.9192388388888888 0.0020006407407407406 0.9229847166666667 0.0005001601851851851 0.991159723611111 0.06402048703703704 0.9731795027777779 0.06352032685185184 0.9154929569444445 0.03701184351851852 0.9184896611111111 0.03701184351851852 0.8720407555555555 0.0625200074074074 0.869044051388889 0.05584811481481482 0.6237675152777779 0.0639844388888889 0.2172385152777778 0.058865683333333335 0.20893233611111112 0.06057193611111111 0.19743147500000002 0.13138138055555554 0.20701552499999998 0.13138138055555554 0.1827359277777778 0.40310196574074075 0.22618362916666668 0.4064239333333333 0.23360833611111112 0.40410482407407405 0.24533217499999999 0.3962778296296296 0.24967433888888887 0.4324582759259259 0.25863344444444447 0.4360143509259259 0.2642559111111111 0.4462874574074074 0.2663273472222222 0.44608989814814815 0.27875595555555555 0.4397679861111111 0.279051875 0.44154602407407406 0.293256 0.45170454537037036 0.6855791958333334 0.5392992425925925 0.6690307319444445 0.5413209472222222 0.10742992083333333 0.2707581777777778 0.008364291666666666 0.26825633425925927 0.04185559722222222 0.28967958240740743 0.0795256361111111 0.28222801851851853 0.08789675555555555 0.28315946296296296 0.10045343611111111 0.27803651296296295 0.10533658888888889 0.2771050666666667 0.1702127652777778 0.2696535027777778 0.17928147916666665 0.2594076009259259 0.17858388472222222 0.2500931444444444 0.16742239305555556 0.25102458981481485 0.07743285694444445 0.24310730277777776 0.08231601111111111 0.24264157962962965 0.07254970416666667 0.26825633425925927 0.041158004166666665 0.2705849472222222 0.009068712500000001 0.24692234814814815 0.0005910166666666667 0 0.002127659722222222 0 0.19574468055555555 0.03471133796296296 0.20278796805555557 0.03471133796296296 0.2932746388888889 0 0.2914893611111111 0 0.8420737194444445
2 0.3775252527777778 0.6843971638888889 0.14157197037037036 0.7115839236111111 0.1463068185185185 0.949172576388889 0.3767361111111111 0.8877068555555556 0.3775252527777778 0.6843971638888889
2 0.4832749490740741 0.7790753486111112 0.47900290462962963 0.7614781638888889 0.4704588185185185 0.7326827708333334 0.46138072407407404 0.7206846916666666 0.46138072407407404 0.8582626791666667 0.47900290462962963 0.8518637027777778 0.48434296018518525 0.8062709958333334 0.4832749490740741 0.7790753486111112
2 0.647379824074074 0.7439155069444444 0.5942405166666667 0.7622837888888889 0.5947514712962964 0.8066738111111111 0.5988391111111111 0.844175723611111 0.647379824074074 0.8196846791666667 0.647379824074074 0.7439155069444444
2 0.5879103537037037 0.8520488569444444 0.5856086916666667 0.8313632791666666 0.5691682444444444 0.8382584708333334 0.569825862037037 0.8599290791666667 0.5879103537037037 0.8520488569444444
2 0.5777172768518518 0.7811268722222222 0.5701546722222223 0.7806343569444445 0.5708122898148148 0.8013199361111111 0.5787037027777778 0.8042750194444446 0.5777172768518518 0.7811268722222222
2 0.5165588166666666 0.7569936958333334 0.5142571546296296 0.7697990555555555 0.5142571546296296 0.7914696611111112 0.5218197601851852 0.7875295513888889 0.5165588166666666 0.7569936958333334
2 0.5346433083333333 0.7762017347222222 0.5290535564814814 0.7702915680555555 0.5287247472222223 0.7830969277777778 0.5343144981481481 0.7845744680555555 0.5346433083333333 0.7762017347222222
2 0.5024509805555556 0.8297872347222223 0.5013368981481482 0.8352106805555555 0.4968805712962963 0.8327075513888889 0.4918672018518519 0.8318731749999999 0.49019607777777774 0.8468919486111111 0.5130347601851852 0.8410513152777779 0.5135917999999999 0.8352106805555555 0.5024509805555556 0.8297872347222223