2 0.7416730425925926 0.4827816638888889 0.7389965490740741 0.4741199208333333 0.7390707731481481 0.4740960416666667 0.7390691814814815 0.4740907277777778 0.6933189944444444 0.48990989444444444 0.6913818185185185 0.4828911416666667 0.6897950185185185 0.48330901805555554 0.6895807916666666 0.4815626444444444 0.6918994694444445 0.4800443194444445 0.6696971 0.3686108930555555 0.7650183333333332 0.31888007916666666 0.7649313518518518 0.3184252208333333 0.8956511055555555 0.24906510694444445 0.9238691370370371 0.3861065208333333 0.9265301518518518 0.40025575555555554 0.9288113277777778 0.39900201944444447 0.9300152648148148 0.40212331944444446 0.9261922564814815 0.40359551250000003 0.9277763462962964 0.4109687027777778 0.8106296111111111 0.45023319861111116 0.8103898277777778 0.45217305138888886 0.8093378564814815 0.46347385694444443 0.8156367166666667 0.4608318027777778 0.8183870314814814 0.4718703875 0.8126883601851852 0.4741533125 0.8142192314814815 0.4798013541666667 0.814496 0.48049377916666663 0.814413662037037 0.48051869305555556 0.8146601 0.48142791111111116 0.9464020731481482 0.4386867611111111 0.9357085416666667 0.37193638055555556 0.9326026888888889 0.36488034305555556 0.9303840277777777 0.3550881097222222 0.9522429083333332 0.3465089013888889 0.9216670425925926 0.1865798416666667 0.8698293055555556 0.2166417208333333 0.7739522888888889 0.2719565569444444 0.6914783861111111 0.32195270833333334 0.6246307509259259 0.35636755277777776 0.6564562527777777 0.5248419333333333 0.7470237898148149 0.5006409083333333 0.7416730425925926 0.4827816638888889
2 0 0.5962125708333333 0.05453980185185185 0.8983920888888889 0.5236291472222223 0.5919319694444444 0.5182417388888889 0.5644229152777778 0.5086764546296296 0.5686177375 0.5108476268518518 0.5792468638888889 0.5076570574074074 0.5809963083333334 0.5056382712962963 0.5701307805555555 0.5086206768518519 0.5685233875 0.5184500074074074 0.5641253944444444 0.5153810944444445 0.5654430277777778 0.5144861888888889 0.5591419277777777 0.5132592046296296 0.5593755722222222 0.5127556342592592 0.5578478944444445 0.5136664740740741 0.5571357916666666 0.49105659074074076 0.4350836458333333 0.4955984398148148 0.43403670138888883 0.4895528 0.3970183388888889 0.3986033953703704 0.4046834 0.40944366666666665 0.4491501833333333 0.3986076101851852 0.4050847777777778 0.20503025555555554 0.42273332361111116 0.0715065787037037 0.4344016583333334 0.08607042407407407 0.5047011138888888 0.07126487685185184 0.4339928027777778 0 0.4410948527777778 0 0.5962125708333333
2 0.05685026388888889 0.8084074444444445 0.061360475 0.8053296819444444 0.06651529722222223 0.8209678402777778 0.18414678703703705 0.7524369416666666 0.20746511666666667 0.7385107500000001 0.21136845277777777 0.7377009055555555 0.2147839537037037 0.7568211388888888 0.2250746212962963 0.7511670749999999 0.22229989166666667 0.7328013013888889 0.21266956481481483 0.7374309583333333 0.2077798537037037 0.73838425 0.206511825 0.7275088972222222 0.20944835555555558 0.7250636361111111 0.20898452222222222 0.7224670611111111 0.20748387499999998 0.7225642069444445 0.1672651388888889 0.49458403055555555 0.08742520092592593 0.5112406 0.08732795648148148 0.5107712013888889 0.01629397685185185 0.5256619277777778 0.06045540555555556 0.80215145 0.056060395370370365 0.8049299097222222 0.05685026388888889 0.8084074444444445
2 1 0.40391108194444447 0.9361197481481481 0.04855195833333334 0.8949177166666666 0.07748585416666666 0.8934006750000001 0.09628135277777779 0.8957374712962963 0.10096660277777778 0.8965454064814815 0.09989194583333333 0.8972802314814814 0.0949095486111111 0.8998960074074074 0.09835777777777778 0.9042191527777778 0.09737013055555556 0.9060666120370371 0.10281450277777779 0.9045216074074074 0.1060602263888889 0.90300785 0.10948087361111111 0.9038431462962963 0.11345723472222223 0.9072188666666666 0.11416275694444446 0.9807184194444445 0.49483238194444445 0.9866931694444445 0.4974930055555556 1 0.4954817458333333 1 0.40391108194444447
2 0.4958674111111111 0.4339160916666666 0.5184016333333333 0.5638898402777778 0.5238082472222222 0.5917220972222222 0.5252071240740741 0.6009441930555556 0.5281093537037037 0.6001504555555555 0.5336891731481482 0.5980009763888888 0.5382639583333333 0.595789525 0.5418719777777777 0.5930347986111111 0.541982624074074 0.5912198263888888 0.5038257157407406 0.3946551847222222 0.5022074768518519 0.38663946388888887 0.5035228268518519 0.3832220833333333 0.5025208379629629 0.3821338597222222 0.5021087166666667 0.3791312402777778 0.5031963833333333 0.3761781083333333 0.5072317555555556 0.37129475 0.5080637222222222 0.36760573194444446 0.49293135092592594 0.36809674166666667 0.4777302462962963 0.3793315569444444 0.4793834101851852 0.38267403055555554 0.48494272129629634 0.3838874263888889 0.4869001064814815 0.3858030472222222 0.48737739629629623 0.3881271861111111 0.4865764898148148 0.39199008750000003 0.488416837962963 0.3925549861111111 0.48956053796296295 0.39682496805555556 0.4958674111111111 0.4339160916666666
2 0.5403152861111111 0.5814452277777777 0.5638091990740741 0.5663498513888888 0.5317356898148148 0.3931286555555556 0.5039872185185185 0.3949546125 0.5112615768518519 0.43145785416666665 0.5344123472222222 0.42709904722222225 0.5551793925925926 0.5428271458333334 0.5351526564814815 0.5541266194444444 0.5403152861111111 0.5814452277777777
2 0.5757207064814815 0.533617225 0.5730947351851852 0.527047525 0.5741062064814815 0.5262052680555556 0.5545823564814815 0.4193484736111111 0.5879677805555557 0.4058211458333333 0.5823383972222222 0.3726812930555556 0.5319462824074074 0.3930440138888889 0.5640441416666667 0.5666322625 0.6565293175925926 0.5263547597222222 0.6245913981481481 0.35635238888888887 0.5823565527777778 0.3727829263888889 0.5880536916666667 0.40589554722222226 0.6153096546296297 0.39504965694444444 0.6356501342592593 0.5003799930555556 0.6362664537037037 0.5083020722222222 0.5757207064814815 0.533617225
0 0.5923653777777778 0 0.6666524388888889 0.0938086111111111 0.4572575287037037 0.2936536777777778 0.10499850555555555 0.23523842222222224 0.12102218981481483 0.13468210694444446 0.03138134537037037 0.17071089444444446 0.03198570277777778 0.26556438055555553 0.4578032287037037 0.3150026 0.7215783703703703 0.07565407361111111 0.681997625 0 0.5923653777777778 0
0 0.45703956481481484 0 0.12178400000000002 0.13594834444444445 0.10443865925925926 0.23588810833333335 0.2275946351851852 0.2539885041666667 0.22758500925925926 0.25453823194444447 0.45736581851851854 0.29394628194444444 0.45236615740740743 0.27734442916666663 0.45733898240740745 0.2932057208333333 0.6676811916666666 0.0939718236111111 0.6273382398148148 0.043751779166666664 0.6154417962962963 0.06165053888888889 0.6272884527777778 0.04365195833333334 0.5933423509259259 0 0.45703956481481484 0
0 0.7844205083333334 0 0.8149569583333333 0.12348099583333333 0.46986956018518516 0.3754993166666667 0.4545936481481481 0.3758071472222222 0.45453800648148146 0.37602643055555557 0.24485275648148147 0.38507452361111105 0.24059326111111115 0.39384521805555556 0.20615487592592593 0.3942416777777778 0.2112096611111111 0.3861597236111111 0 0.3979842111111111 0 0.44011123888888887 0.48959774537037043 0.39657032222222227 0.48874816018518524 0.39310562777777774 0.48662268333333336 0.39153780416666667 0.48725856018518515 0.3879950902777778 0.4870124314814815 0.3853258958333333 0.48526745925925924 0.3839511541666667 0.4793889435185185 0.3826807138888889 0.4777783481481482 0.3788298597222222 0.49289756388888895 0.36790887916666665 0.5082114518518519 0.3671170916666666 0.507173962037037 0.3709942319444444 0.5034461712962963 0.37595266666666666 0.5022145657407407 0.3793888041666667 0.5027624222222222 0.3824557472222222 0.5040403851851851 0.38315315555555557 0.5025070518518518 0.38619154166666664 0.5329502675925926 0.3849985875 0.6238856870370371 0.3491807611111111 0.6341560027777777 0.34326899861111115 0.6341611694444445 0.3433004347222222 0.6749655592592593 0.31852789722222224 0.6731053601851852 0.3135015652777778 0.6579155157407408 0.32220502083333336 0.6243790092592593 0.3154751791666667 0.6562305101851852 0.29661061527777777 0.6853610203703704 0.30453393333333334 0.673188700925926 0.31289066944444444 0.6751451333333334 0.31845572222222224 0.7913952509259259 0.24950217777777778 0.7903624722222222 0.24587548194444445 0.7915267083333333 0.24916064166666665 0.8407581601851852 0.21984626805555554 0.9182496435185185 0.17311082777777778 0.9071733935185184 0.11433745972222221 0.9034246814814815 0.11382325972222222 0.9024400185185185 0.11046592638888889 0.9041008425925926 0.10575660972222221 0.9060503648148148 0.10266345555555555 0.90414205 0.09736776388888888 0.9001376527777778 0.0979382263888889 0.8975182361111111 0.0948540638888889 0.8961716231481481 0.10082507083333332 0.892928899074074 0.09618150694444445 0.8939642018518519 0.07642036944444444 0.9362396398148148 0.04608150138888888 0.9301220990740741 0.011835041666666666 0.9149406648148147 0.01817211111111111 0.9174441407407407 0 0.7844205083333334 0
0 0 0.3122283069444445 0.01715877962962963 0.2834096472222222 0.012932925925925926 0.17836678194444444 0 0.18415498333333333 0 0.3122283069444445
0 0 0.3621533305555556 0.4658067398148148 0.36182353055555555 0.4601990648148148 0.32628276805555556 0.01773265740740741 0.2866222597222222 0 0.3128875944444444 0 0.3621533305555556
0 0.7765760935185185 0.12116344166666668 0.7668402416666666 0.09876450833333333 0.737170012037037 0.08258980694444444 0.46022294537037034 0.3235723777777778 0.4662751490740741 0.3612487930555556 0.7765760935185185 0.12116344166666668
0 0.6819949388888888 0 0.720780950925926 0.07505151527777777 0.739156312037037 0.08335202222222222 0.6994943981481481 0 0.6819949388888888 0
0 0.013843007407407407 0.17940096805555555 0.018231687037037037 0.28502584166666667 0.03137838055555556 0.2640558680555556 0.03174722685185185 0.1705638388888889 0.013843007407407407 0.17940096805555555
0 0.01898221203703704 0.2847241875 0.4602648342592593 0.32484259861111114 0.45809292592592593 0.31268409166666666 0.03169139351851852 0.2648367472222222 0.01898221203703704 0.2847241875
0 0.4580494027777778 0.31427222916666664 0.4600433861111111 0.3254347 0.7386191888888889 0.08106796111111111 0.7211128694444445 0.0753426736111111 0.4580494027777778 0.31427222916666664
0 0.6997894731481482 0 0.7398516851851852 0.08296677916666667 0.7683396388888889 0.09781391527777777 0.7277069805555556 0 0.6997894731481482 0
0 0.6821741074074074 0 0.7211847935185186 0.07460357916666667 0.7370738259259259 0.08175463472222222 0.6988649833333334 0 0.6821741074074074 0
0 0 0.3981661166666666 0.4687710972222222 0.3744382972222222 0.4663480564814815 0.36087392916666666 0 0.36195843333333333 0 0.3981661166666666
0 0.7887196962962963 0.13050390416666666 0.7768620527777779 0.11958377083333332 0.46542049722222223 0.3603406138888889 0.4680348314814815 0.3749758541666667 0.8104618833333334 0.12589309861111111 0.7887196962962963 0.13050390416666666
0 0.7273495805555555 0 0.7761201962962964 0.11974434444444446 0.7870830796296296 0.13233127083333332 0.8155988666666667 0.12609876527777777 0.7850117962962962 0 0.7273495805555555 0