2 0.7156752712962964 0.4023569027777778 0.6451672694444445 0.4096469277777778 0.6468387583333334 0.584736251388889 0.7384960722222221 0.5965207625000001 0.7364091888888888 0.5771927430555556 0.7353184444444444 0.5677870513888889 0.7353942592592593 0.5677928013888889 0.7353936388888889 0.5677870513888889 0.6884728175925926 0.5653056625 0.6878127064814815 0.5577740013888889 0.6862078731481481 0.5575615972222222 0.686302275 0.555791561111111 0.6888039268518519 0.5552251486111112 0.6865854805555556 0.43896913055555553 0.787239575925926 0.4279392791666667 0.7872340425925926 0.4274661513888889 0.9254674407407407 0.4112185680555555 0.9290780138888889 0.5545454541666667 0.9292069629629629 0.5692456486111112 0.931626737037037 0.56892025 0.9322510824074074 0.5724025972222222 0.9283043194444445 0.572340425 0.9285622175925926 0.5800773694444444 0.8086322277777778 0.5725242500000001 0.808065900925926 0.5743049138888888 0.8050998657407407 0.5848122486111111 0.8116399731481482 0.5847056166666666 0.8123919092592592 0.5964358222222222 0.8064935064814814 0.5964285708333333 0.8069976666666667 0.6024784888888889 0.8071455296296296 0.6032547694444444 0.8070616981481481 0.6032468680555555 0.8071428574074074 0.6042207791666666 0.9417706472222223 0.6140819958333333 0.9429590018518519 0.5454545458333334 0.9411764703703704 0.5374331555555555 0.9407230194444445 0.5271132374999999 0.9633173842592593 0.5273126 0.9613784907407409 0.3609625666666667 0.9061200240740741 0.36987522222222224 0.8039655814814815 0.3860830527777778 0.7156752712962964 0.4023569027777778
2 0.5065042481481481 0.5693097222222222 0.4965410935185185 0.5696480930555556 0.49680427129629634 0.580757951388889 0.49342055833333326 0.5812091138888889 0.4933453638888889 0.5699300694444445 0.4965034962962963 0.5695353027777779 0.5067567564814814 0.5691031944444445 0.5035650620370371 0.5691844916666666 0.5037878787037037 0.5627506680555555 0.5025623888888889 0.5625 0.5023395722222223 0.5608288763888889 0.5033422462962963 0.5604946527777778 0.5025623888888889 0.43382352916666667 0.507130125 0.4345755347222222 0.5076778564814816 0.3964714527777778 0.41850490185185185 0.36856617638888883 0.42130323333333336 0.41572629305555553 0.4184397166666667 0.36895551249999997 0.22841316388888888 0.3108504402777778 0.0974258712962963 0.27028348055555557 0.09936357407407406 0.34384164166666664 0.09726295185185185 0.26979472083333333 0.00016291944444444444 0.24095796666666666 0.0009775166666666666 0.7118768333333334 0.5069615074074074 0.5979729736111111 0.5065042481481481 0.5693097222222222
2 0.09953088703703704 0.35019310555555555 0.028347996296296297 0.3369990222222222 0.02329749074074074 0.6212121208333333 0.018572825 0.6221896375 0.018735744444444445 0.6258553277777777 0.02362332962962963 0.6246334305555555 0.025904203703703704 0.6417399805555556 0.1513522324074074 0.6212121208333333 0.17627891851851854 0.6168132944444444 0.18018898703703704 0.6175464319444444 0.18018898703703704 0.6373411541666667 0.19110459444444444 0.6358748777777777 0.19159335277777778 0.6170576736111111 0.1814923425925926 0.6177908111111111 0.17660475740740741 0.6168132944444444 0.1772564351851852 0.6058162263888889 0.1805148259259259 0.6045943305555556 0.1805148259259259 0.6019061583333334 0.17904855 0.6014174 0.17953730833333334 0.36559139722222217 0.09954382499999999 0.3506842625 0.09953088703703704 0.35019310555555555
2 0.9536399851851852 0.26294820694444443 0.9555716527777779 0.2672944583333333 0.9599179046296296 0.2680188333333333 0.9607630083333334 0.2739949291666667 0.958710612037037 0.27653024305555557 0.9566582157407407 0.27924665000000004 0.9567789444444443 0.28341180694444446 0.9599179046296296 0.2854038388888889 0.9652299888888889 0.6816370875 0.970542074074074 0.6865266208333334 0.9861161416666667 0.6903295902777777 0.999637812037037 0.6915972472222223 0.9991548953703704 0.23324882222222224 0.9543643601851851 0.24520101388888887 0.9496559222222223 0.2627671125 0.9511046722222223 0.2681999277777778 0.9520705055555555 0.2674755527777778 0.9536399851851852 0.26294820694444443
2 0.5071107111111112 0.3870387041666667 0.5056705666666668 0.39045904583333335 0.5073507351851853 0.3917191722222222 0.5077186962962963 0.396287675 0.5074107416666667 0.4345634569444445 0.506750675 0.5688568861111111 0.5071707166666667 0.5978397847222222 0.5069306925925926 0.6072907291666667 0.509870987037037 0.6076507652777778 0.515631562962963 0.6077407736111111 0.5204320435185185 0.6073807375 0.5243924398148149 0.6061206124999999 0.5248124814814814 0.6044104402777778 0.5218721870370371 0.3997299736111111 0.5216921694444444 0.39135913611111106 0.5235523555555556 0.3885688569444445 0.5227722768518519 0.38712871249999997 0.5228922888888888 0.38406840694444444 0.5244524453703704 0.3816381638888889 0.5291929194444445 0.3784878486111111 0.530633062962963 0.375247525 0.5159315925925927 0.3698469847222222 0.49930993055555556 0.3747974791666666 0.5003300333333334 0.3786678666666667 0.5054905490740741 0.3819982 0.5070507055555556 0.38460846111111113 0.5071107111111112 0.3870387041666667
2 0.5227045231481482 0.4381654375 0.5458185453703703 0.4429429430555556 0.5459095462962963 0.5627900625 0.5246155250000001 0.5659295652777778 0.5248885249999999 0.5943215944444444 0.5501865499999999 0.5888615888888888 0.5490945490740741 0.40909090972222223 0.5219765222222222 0.4000819 0.5227045231481482 0.4381654375
2 0.6012906842592594 0.44328703750000004 0.6294893379629629 0.4433922555555556 0.6309624018518518 0.5530303027777778 0.6301907972222222 0.5609217166666667 0.5673400675925926 0.5618686875 0.5659371490740741 0.5545033666666667 0.5670594833333333 0.5540824916666667 0.5666386083333333 0.44328703750000004 0.6012205388888888 0.44318181805555557 0.6015011222222222 0.40898569027777776 0.5493125703703703 0.40909090972222223 0.5503647583333334 0.5892255888888889 0.646648300925926 0.5862258958333334 0.6451318740740741 0.4096170027777778 0.6015011222222222 0.40909090972222223 0.6012906842592594 0.44328703750000004
0 0.10416666666666667 0 0.08838383888888889 0.09185606111111111 0.4911616157407408 0.30492424166666665 0.7872474749999999 0.17613636388888887 0.7373737370370371 0.0009469694444444444 0.6508838388888889 0 0.7310606064814814 0.17234848472222222 0.49431818148148154 0.28409090972222223 0.1641414138888889 0.09090909027777777 0.1969696972222222 0 0.10416666666666667 0
0 0.4924075759259259 0.2664384152777778 0.49447415370370373 0.2836898388888889 0.7320261435185186 0.1729055263888889 0.7017231138888889 0.10873440277777778 0.6871436722222223 0.1214047375 0.7016922472222222 0.10861865416666668 0.6521212120370371 0 0.19748706574074074 0.0015188472222222222 0.16348854351851852 0.09131929027777777 0.2793249296296296 0.1566155972222222 0.2792207787037037 0.15714285694444446 0.49437229444444447 0.2844155847222222 0.4924075759259259 0.2664384152777778
0 0.9583565722222223 0.2760736194444445 0.9607733777777778 0.2738427222222222 0.9598438370370369 0.2679866138888889 0.9558774555555555 0.26698301666666663 0.9538794537037038 0.2629870125 0.951548451851852 0.26823176805555554 0.9492174490740741 0.26248751249999996 0.9536271805555556 0.2438016527777778 0.9996969694444443 0.23090909027777778 0.9996969694444443 0.19545454583333333 0.9839393935185186 0.19568181805555554 0.9996969694444443 0.14863636388888887 0.9996969694444443 0.0022727277777777775 0.8530672583333333 0.0004102 0.8691919194444444 0.2585858583333333 0.4923783287037037 0.36804407777777776 0.47756981574074076 0.36241087361111113 0.4774782333333334 0.36260108333333335 0.27337662314814815 0.28993506527777774 0.2677489175925926 0.29675324722222224 0.23441558425925926 0.28376623333333334 0.24069264074074076 0.2779220777777778 0.00014781944444444445 0.1955321513888889 0.0008869175925925926 0.23987804861111112 0.507798574074074 0.39605615000000005 0.5075757574074075 0.39237967916666666 0.5057932259259259 0.3900401069444444 0.5070187166666666 0.3868649736111111 0.5072415333333333 0.38419117638888883 0.5057932259259259 0.38218582916666666 0.500334225 0.37867647083333333 0.4994429592592593 0.37433155138888885 0.5159313722222222 0.36965240694444446 0.5308600712962963 0.3748328875 0.5291889481481481 0.3781751333333333 0.5247326203703704 0.38151737916666667 0.5229500888888889 0.3843582888888889 0.5229500888888889 0.38753342222222226 0.5240641712962962 0.3887032083333333 0.5220588240740741 0.3910427805555555 0.5516705518518519 0.4017094013888889 0.6456876453703704 0.4024157652777778 0.6566280601851853 0.4006926708333333 0.6566276259259259 0.4007250416666666 0.7003160435185185 0.3926380375 0.6993865027777777 0.3870607916666666 0.6832124925925926 0.38957055277777775 0.6519799222222222 0.3700501944444445 0.6860011157407407 0.3641940875 0.7127718907407408 0.38315672083333335 0.699572411111111 0.38650306666666673 0.7005019518518518 0.3926380375 0.8246886037037037 0.37116564444444444 0.8243167879629629 0.3672615722222222 0.824874512037037 0.3708867819444444 0.8774865212962962 0.36168432777777776 0.9604015611111112 0.34662576666666667 0.9598438370370369 0.2855549361111111 0.9563115824074074 0.2836029 0.9559397657407407 0.27997769027777775 0.9583565722222223 0.2760736194444445
0 0.07098300092592592 0.10333702916666666 0.08502586851851852 0.00023281527777777776 0.03254988888888889 0.0024501111111111112 0.028115299074074073 0.14546563194444445 0.07098300092592592 0.10333702916666666
0 0.4915294675925926 0.31675017916666665 0.07098300092592592 0.10666297083333333 0.028115299074074073 0.1432483375 0.028115299074074073 0.16763858055555556 0.4908136481481482 0.35325697916666665 0.4915294675925926 0.31675017916666665
0 0.8269794722222222 0.21603128055555554 0.8011111111111111 0.18888888888888888 0.4920202018518518 0.3141414138888889 0.49136526574074074 0.352883675 0.832518736111111 0.241446725 0.8269794722222222 0.21603128055555554
0 0.7555011657407407 0.0004195805555555555 0.7376301472222223 0.0004195805555555555 0.7865811962962963 0.17524475555555558 0.802898212962963 0.19039627083333335 0.7555011657407407 0.0004195805555555555
0 0.08572649537037037 0.0015850819444444444 0.07174048148148149 0.1053146861111111 0.08805749814814814 0.09016316944444445 0.10454545462962964 0 0.08572649537037037 0.0015850819444444444
0 0.07251748240740741 0.1053146861111111 0.49184149166666663 0.3153846152777778 0.49184149166666663 0.3027972027777778 0.08822510833333334 0.09103896111111111 0.07251748240740741 0.1053146861111111
0 0.491525424074074 0.3043143291666667 0.491525424074074 0.3158705694444444 0.8027734972222221 0.18798150972222222 0.7868515666666667 0.17565485416666668 0.491525424074074 0.3043143291666667
0 0 0.1940909097222222 0.02912655925925926 0.16890374305555556 0.03269162222222222 0.003128341666666667 0 0.0009090902777777779 0 0.1940909097222222
0 0.8285918 0.2156951875 0.784919786111111 0.0004545458333333333 0.7551515148148148 0 0.8036363638888889 0.19029411805555554 0.8285918 0.2156951875
0 0.7372727268518519 0 0.7870485675925927 0.17496886666666667 0.8011623083333334 0.18804483194444443 0.7554545453703704 0 0.7372727268518519 0
0 0.02929292962962963 0.16792929305555557 0.0006734009259259259 0.19570707083333333 0.4915003694444444 0.36659275694444443 0.4915003694444444 0.3525498888888889 0.02929292962962963 0.16792929305555557
0 0.8330675175925927 0.24003189722222223 0.4906964379629629 0.3516746416666666 0.4906964379629629 0.3668261569444444 0.8644338120370371 0.2591706541666667 0.8426368953703705 0.2551834125 0.8330675175925927 0.24003189722222223
0 0.8693602694444444 0.2613636361111111 0.8542087546296295 0.001262626388888889 0.7851851851851852 0 0.8323232324074074 0.23989899027777778 0.8407407407407408 0.25631313194444444 0.8693602694444444 0.2613636361111111