0 0.1885654277777778 0.002142538888888889 0.21425858425925925 0.040827256944444446 0.7225362490740741 0.040827256944444446 0.7476038342592592 0 0.1885654277777778 0.002142538888888889
0 0.20979020925925926 0.06612111250000001 0.7236533435185185 0.06463323888888889 0.7236533435185185 0.043803006944444445 0.21202439814814814 0.042315131944444445 0.1907996148148148 0.0006546638888888889 0.17069192777777778 0.0006546638888888889 0.20979020925925926 0.06612111250000001
0 0.7476038342592592 0 0.7253005879629629 0.04526555138888889 0.7253005879629629 0.06637972916666667 0.20948467222222222 0.06637972916666667 0.1709265175925926 0 0.03932584351851852 0.0013865638888888889 0.1290698925925926 0.09940234305555556 0.1425315 0.09342577083333332 0.16945471574074072 0.12569925972222223 0.17021606203703704 0.12371660277777777 0.17010950462962962 0.12424882361111111 0.7490605703703703 0.11795832916666667 0.7507159537037037 0.10913901527777778 0.7424390398148148 0.10583177222222222 0.7403698129629629 0.09315400694444445 0.7432667314814815 0.08433469305555555 0.7519574907407408 0.0810274513888889 0.7635451675925926 0.08323227916666667 0.7676836231481481 0.09866607916666666 0.7606482472222221 0.10969022083333332 0.7507159537037037 0.10969022083333332 0.7498882620370371 0.11685591527777778 0.781754374074074 0.12126557222222221 0.8929712462962963 0 0.7476038342592592 0
2 0.19790557314814816 0.8111786555555556 0.18269181944444443 0.17963525694444446 0.17508494444444445 0.15937183472222222 0.17001369166666666 0.12559945972222222 0.14465743796296296 0.0952043236111111 0.1611390027777778 0.8533941236111111 0.19790557314814816 0.8111786555555556
0 0.12817587037037037 0.09858155972222223 0.040696788888888884 0.000641675 0.006465845370370371 0.0040189125 0.13071149722222222 0.1323539347222222 0.12817587037037037 0.09858155972222223
2 0 0.0361702125 0.11296211851851852 0.13573117222222222 0.1319793101851852 0.12728807916666668 0 0 0 0.0361702125
2 0.1319793101851852 0.1323539347222222 0.11042649166666667 0.13910840833333335 0.12310461944444445 0.5933468430555555 0.12564024629629628 0.8550827430555555 0.1611390027777778 0.8517055041666667 0.14465743796296296 0.08844984861111112 0.12944368333333334 0.0952043236111111 0.1319793101851852 0.1323539347222222
2 0 0.9936170208333334 0.12564024629629628 0.8567713611111111 0.12056899351851853 0.6051671722222223 0 0.6531914888888889 0 0.9936170208333334
2 0.7836350731481482 0.12053360416666667 0.7836350731481482 0.15261735972222223 0.7722247574074075 0.17456940277777777 0.7658856935185185 0.8111786555555556 0.9217252398148148 0.9978723402777777 0.9984025555555556 0.9978723402777777 0.9984025555555556 0 0.8939347842592592 0.000641675 0.7836350731481482 0.12053360416666667
2 0.784199825925926 0.148291425 0.7836350731481482 0.12222222083333334 0.7492389277777778 0.11820331111111113 0.17001369166666666 0.12559945972222222 0.1725493175925926 0.15430597916666666 0.784199825925926 0.148291425
2 0.17044911944444444 0.15265345972222222 0.18015619444444445 0.18301249583333334 0.7723669074074074 0.17551400416666665 0.7847376851851852 0.14900780833333332 0.17044911944444444 0.15265345972222222
2 0.7685694851851851 0.6348799444444444 0.7723669074074074 0.17551400416666665 0.49698260555555557 0.17981230833333334 0.18287238703703704 0.18267784305555554 0.18733079259259258 0.3349568486111111 0.1873488814814815 0.3349552763888889 0.19374623148148146 0.6365889083333334 0.21523794907407406 0.6323165 0.19374623148148146 0.6374433916666666 0.19823703796296296 0.8134666319444445 0.7672863981481481 0.8100487069444444 0.7685570972222222 0.6348787930555555 0.7685694851851851 0.6348799444444444