2 1 0.4811274527777778 0.9272567546296295 0.054656681944444445 0.4036716342592593 0.32131486527777775 0.4578500212962963 0.65210535 0.48902214814814815 0.6418552125 0.5563096425925926 0.6195764625 0.5022050685185185 0.31345015694444445 0.7932240490740741 0.17025759861111112 0.8516625638888888 0.5343863527777778 1 0.4916956347222222 1 0.4811274527777778
2 0.5944529435185185 0.5458243069444444 0.8193711259259259 0.47288355694444445 0.7851889712962963 0.2527057875 0.5601550407407407 0.35148057777777775 0.5944529435185185 0.5458243069444444
0 0.5280122675925926 0.3264137194444444 0.5657772212962963 0.3346839513888889 0.7837651518518518 0.2338806652777778 0.7767714796296296 0.20351712083333334 0.5271930018518518 0.3213780638888889 0.5280122675925926 0.3264137194444444
2 0.05435133425925926 0.4012111625 0.09634160925925926 0.6777332777777778 0.12884210462962964 0.6302640152777778 0.12151297592592593 0.6021050055555556 0.27140277314814815 0.38448432499999996 0.09251969907407406 0.3798736305555555 0.05435133425925926 0.4012111625
2 0.18778161296296297 0.7856756583333333 0.35417638055555556 0.6793024222222221 0.3259952990740741 0.5017930722222222 0.1870908175925926 0.7815197166666668 0.18778161296296297 0.7856756583333333
2 0 0.5859400527777778 0.061561208333333325 0.9562036125 0.11726154814814814 0.9168788986111112 0.018718406481481483 0.31974729583333333 0.32699472037037036 0.3471842402777778 0.3883300898148148 0.7054904055555556 0.45750122962962964 0.6530665666666666 0.4034690222222222 0.3208853263888889 0 0.24808131111111112 0 0.5859400527777778
2 0.5601001111111111 0.35151821388888893 0.5302955212962963 0.34420883888888887 0.5678973824074074 0.5673149569444444 0.5943989916666667 0.5461919444444444 0.5601001111111111 0.35151821388888893
2 1 0.4079115805555556 0.9368474842592593 0.027975222222222224 0.9271942601851852 0.053459152777777776 1 0.4809679944444445 1 0.4079115805555556
0 0.4630077064814815 0 0 0.17178607777777777 0 0.19162386944444446 0.4091117083333333 0.2886037138888889 0.9001405018518519 0.028459473611111112 0.909850737037037 0 0.4630077064814815 0
0 0.9095607685185185 0 0.8997249657407407 0.02669138888888889 0.9266043546296296 0.05610767777777778 0.9366374833333333 0.026711816666666666 0.9319849555555556 0 0.9095607685185185 0
0 0.40645022592592595 0.2901101277777778 0.40183626944444445 0.32341088333333334 0.9267808268518518 0.0571693625 0.9008741740740741 0.02851696388888889 0.40645022592592595 0.2901101277777778
0 0 0.2495803527777778 0.40280900555555554 0.32417477222222224 0.4060972814814815 0.2879867569444445 0 0.1928765375 0 0.2495803527777778
0 0.5658912231481481 0.3357051847222222 0.5606391472222222 0.3506849375 0.785227412037037 0.2518799611111111 0.7834749537037037 0.23323649305555555 0.5658912231481481 0.3357051847222222
0 0.53039925 0.3449396013888889 0.5591248425925925 0.35170008611111114 0.565116937037037 0.33509714027777776 0.5278725046296296 0.3256880888888889 0.53039925 0.3449396013888889