2 0.16432919166666668 0.6609772416666667 0.16230468703703704 0.2864583333333333 0.46777343703703705 0.31979166666666664 0.46464843703703707 0.6364583333333333 0.5335303509259259 0.6336578319444445 0.565429687037037 0.6322916666666667 0.5646484370370369 0.2916666666666667 0.013609063888888889 0.22292942777777777 0.01176581388888889 0.6735274430555556 0.16432919166666668 0.6609772416666667
2 0.4176784212962963 0.3777214708333333 0.18339843703703704 0.36354166666666665 0.18574218703703704 0.5895833333333333 0.4157433148148148 0.5787384819444444 0.4176784212962963 0.3777214708333333
0 0.4448236018518519 0.34173514583333336 0.44480637500000003 0.3365517722222222 0.1836326824074074 0.3127595513888889 0.18174382314814816 0.3447590513888889 0.409514262037037 0.3634639694444444 0.4448236018518519 0.34173514583333336
2 0.9203330592592592 0.5259731347222222 0.9164782074074074 0.24242735833333334 0.876002262037037 0.23557428749999998 0.7031763981481481 0.30496162222222223 0.8837119657407407 0.46172560277777774 0.8811420648148148 0.4917077847222222 0.9203330592592592 0.5259731347222222
2 0.8490182981481481 0.6596080041666667 0.6691252064814814 0.43859649027777775 0.6704101564814815 0.6210594847222222 0.8490182981481481 0.663891173611111 0.8490182981481481 0.6596080041666667
2 0.9379140898148148 0.15045273888888888 0.9386042398148149 0.7656065958333333 0.9989923805555556 0.7835504999999999 0.9990234370370371 0.04296875 0.5647757546296296 0.2911763625 0.5659231444444445 0.6330977611111112 0.6414945888888889 0.6588633680555556 0.6432199648148148 0.2889428736111111 0.9379140898148148 0.15045273888888888
2 0.4158549574074074 0.5790756208333333 0.44497610092592593 0.5899542097222222 0.4454781898148148 0.3598302263888889 0.4177377888888889 0.37773805694444446 0.4158549574074074 0.5790756208333333
2 0 0.6861979166666666 0.01173831388888889 0.6745182944444444 0.013476562962962964 0.22174479166666666 0 0.20052083333333334 0 0.6861979166666666
0 0.00010039444444444444 0.0027015180555555554 0.0010130694444444445 0.1280422513888889 0.0356947287037037 0.18767036527777775 0.554094261111111 0.26190128472222224 0.9658203129629629 0 0.00010039444444444444 0.0027015180555555554
0 0.035812762962962964 0.18580400972222222 0.0005252101851851852 0.12890625 0 0.19921875 0.014476102777777777 0.22410057777777778 0.035812762962962964 0.18580400972222222
0 0.03499212222222222 0.1879923847222222 0.014476102777777777 0.22519476527777776 0.5667673324074074 0.29303440138888887 0.5569196425925925 0.26239714583333335 0.03499212222222222 0.1879923847222222
0 0.9664713546296296 0.0010308166666666667 0.5569196425925925 0.2602087708333333 0.5659466916666667 0.2941285888888889 0.9990234370370371 0.044270833333333336 0.9990234370370371 0 0.9664713546296296 0.0010308166666666667
0 0.18192150833333334 0.34402870694444443 0.18322794722222221 0.3627543208333333 0.4170803722222222 0.3771251388888889 0.40956835277777776 0.36449623750000004 0.18192150833333334 0.34402870694444443
0 0.4448421824074074 0.3409803513888889 0.4102215722222222 0.36362527916666665 0.41871342037037035 0.3775606180555555 0.44549540092592593 0.3605769236111111 0.4448421824074074 0.3409803513888889