2 1 0.3779718013888889 0.46564091018518516 0.2760575013888889 0.4176634527777778 0.6089953805555556 0.44867635092592595 0.6202800597222222 0.5156648583333333 0.6445013958333333 0.5565006148148148 0.33378006944444444 0.8599143990740741 0.39644093611111114 0.8060228953703704 0.7621443305555555 0.9535128416666667 0.8219998444444444 1 0.48375016805555554 1 0.3779718013888889
2 0.5715017074074075 0.6032947819444445 0.7949735777777778 0.6856325319444444 0.8285972481481482 0.4652613583333333 0.597471412037037 0.4060669777777778 0.5715017074074075 0.6032947819444445
0 0.5759074037037037 0.36240134027777776 0.6074333657407408 0.39466717361111114 0.8328191212962963 0.44740520833333336 0.8354069185185184 0.4155159 0.5766427101851852 0.3573366083333333 0.5759074037037037 0.36240134027777776
2 0.12832441666666666 0.11816990555555555 0.08525214722222221 0.39431732361111116 0.12833616944444443 0.37302315277777776 0.12997819074074074 0.34289468472222223 0.32829733333333333 0.24585955555555555 0.16886575462962963 0.124089725 0.12832441666666666 0.11816990555555555
2 0.13589199537037036 0.5514622819444445 0.31653392592592594 0.5652686486111111 0.34308158981481485 0.3871936430555556 0.13648567592592592 0.5472727097222223 0.13589199537037036 0.5514622819444445
2 0.060684769444444446 0 0 0.4283815916666667 0 0.622304863888889 0.034165171296296294 0.6230160305555555 0.12010535833333333 0.021519997222222222 0.38916389814814817 0.24888932083333334 0.3395777064814815 0.6112642541666666 0.4170690472222222 0.6096299666666667 0.46558433518518516 0.2755382055555555 0.18119931574074072 0 0.060684769444444446 0
2 0.5974110425925926 0.4060646875 0.5727590009259259 0.3798968541666667 0.5413531407407407 0.6051486625 0.571345774074074 0.6035897361111111 0.5974110425925926 0.4060646875
2 1 0.4845701319444444 0.9534024009259259 0.8229776194444445 0.9632653175925925 0.8380628138888888 1 0.5788281763888888 1 0.4845701319444444
0 0.24166879537037037 0 0.48009016574074076 0.25023406944444443 0.9974504083333333 0.33929725833333335 1 0.3364261444444444 1 0.150839625 0.5312042583333333 0 0.24166879537037037 0
0 1 0.34530343888888887 0.9980930268518518 0.3398313611111111 0.47725779537037033 0.24983794999999998 0.46337873888888886 0.2767345333333333 1 0.380113825 1 0.34530343888888887
0 0.17899268611111113 0 0.4640297842592593 0.2780607402777778 0.47756112129629635 0.24769739583333333 0.2406244574074074 0 0.17899268611111113 0
0 0.607237375925926 0.3956600152777777 0.5981390481481482 0.4056701888888889 0.8288731444444445 0.46454438750000004 0.83274655 0.4466354097222222 0.607237375925926 0.3956600152777777
0 0.5726386675925925 0.3806218680555556 0.5964813250000001 0.40558685694444446 0.6067191527777778 0.39460437083333333 0.57599385 0.3616572444444444 0.5726386675925925 0.3806218680555556