2 0.8908149731481481 1 0.9731281740740739 0.09482695694444444 0.8789585388888889 0.0749749375 0.6190780361111111 0.06280297916666666 0.60862785 0.18844129166666665 0.6187768583333333 0.062491733333333334 0.375019975 0.051310411111111114 0.34371205833333335 0.41055157777777773 0.34499516203703706 0.41114623333333333 0.4222606611111111 0.4257615875 0.4233322935185185 0.4173292041666667 0.45048875555555556 0.4219982027777778 0.4483141490740741 0.4181609236111111 0.4478887814814815 0.4106800236111111 0.4516439722222222 0.40365807638888895 0.45247829444444443 0.39475330972222217 0.4344575666666667 0.3947555402777778 0.42753076759259256 0.39054998055555556 0.42243081574074076 0.38187244722222224 0.4241472212962963 0.36956360833333335 0.4346172740740741 0.3569883569444444 0.4159070064814815 0.3312926930555556 0.41567119166666666 0.31878348333333334 0.42242485925925927 0.31281600416666666 0.432185962037037 0.3138178638888889 0.44966788611111114 0.32257152222222224 0.4722258814814815 0.33725236388888885 0.4902107833333333 0.35265857083333335 0.4975002666666667 0.36200885972222224 0.4982644361111111 0.3718841402777778 0.48745557962962965 0.38206500972222224 0.47345272222222223 0.4052991138888889 0.46875724166666666 0.4163463972222222 0.4590483759259259 0.42380266666666666 0.48664065370370374 0.4298306069444444 0.48700781296296297 0.4379327694444445 0.646443625925926 0.4702765652777778 0.6525032777777777 0.4356537583333333 0.6462705027777778 0.42103560833333337 0.6534376037037037 0.4016398986111111 0.6839208972222223 0.41587970416666664 0.673943374074074 0.44122946111111105 0.6735612824074074 0.4753597388888889 0.7135944962962962 0.4831953111111111 0.7135121416666667 0.4820270902777778 0.7464683759259259 0.4885430625 0.7475125574074074 0.4773984486111111 0.7396410657407407 0.46164396527777773 0.738330075 0.4579498 0.7420302814814814 0.4494085902777778 0.7414966620370371 0.4418390916666667 0.7427373842592593 0.4374400236111111 0.7391887027777778 0.43109916666666664 0.7258262592592593 0.3614798791666667 0.7247590222222222 0.3463408847222222 0.7344102972222223 0.34060776944444443 0.7526280361111112 0.3407197708333333 0.7684148407407407 0.34466922361111113 0.7773019157407408 0.3515140555555556 0.7822186842592593 0.3609396958333333 0.7568794111111111 0.4279929791666667 0.7507636324074074 0.48884540972222223 0.8156500527777778 0.5037670319444445 0.8543649444444444 0.5150356513888888 0.8315070824074074 0.7457340222222222 0.7914570398148147 0.7531371569444444 0.7595628212962963 0.7442385375 0.652926674074074 0.7637040888888889 0.3223181462962963 0.6632141069444445 0.3157636675925926 0.7545342388888888 0.336533162962963 0.7598509597222222 0.41712967777777776 0.7969207666666667 0.49940393148148154 0.8427887625 0.5006932925925925 0.8450762708333334 0.49555207314814814 0.8473208138888888 0.4873998314814814 0.8448625916666667 0.451701425 0.8469522583333333 0.5371339935185184 0.8771664305555557 0.5395882953703703 0.8562343263888889 0.5452653324074075 0.8430081722222221 0.5585091342592593 0.8332262708333333 0.5715908842592593 0.8304367666666668 0.5738230157407407 0.8224014888888889 0.6418271999999999 0.8123294875000001 0.7555508453703703 0.8510964680555555 0.7532429148148148 0.8546779388888889 0.7528691500000001 0.8586671541666667 0.7557782370370371 0.8644578861111111 0.7493223101851852 0.8649459986111111 0.7467085722222222 0.8717913722222222 0.7653784842592593 0.8883010430555555 0.7651902935185185 0.9008352152777778 0.7658750879629629 0.9198403430555555 0.7642075185185185 0.9586896069444445 0.8774026638888889 1 0.8908149731481481 1
2 0.16965930833333334 0 0.10177830185185184 0.8414238236111111 0.13372260277777778 0.8376284749999999 0.1352705185185185 0.8211074875000001 0.1673115638888889 0.8162795749999999 0.16391099351851854 0.6981714694444444 0.1658353712962963 0.6959962861111111 0.15877628333333332 0.6887012069444445 0.15695679074074073 0.6805750444444444 0.16203450277777778 0.6722898527777778 0.14313959166666665 0.6260449444444445 0.14418386388888887 0.6194903208333333 0.15093286481481483 0.6209130861111111 0.1595241574074074 0.6256276986111111 0.16938772870370372 0.6351270347222222 0.1956062222222222 0.6445254847222223 0.2209810925925926 0.6537460888888889 0.23861513425925926 0.6629478791666666 0.2567439472222222 0.6806417805555556 0.27069111759259257 0.7016480486111111 0.2820481287037037 0.7227535 0.2938702731481481 0.7526674208333333 0.31601200925925926 0.7550768916666666 0.3212333814814815 0.6626212944444444 0.130902475 0.6005600527777778 0.13128096666666667 0.5919294277777778 0.17996781574074075 0.59546765 0.3218117972222222 0.4775059027777778 0.32180023703703703 0.4776535472222222 0.32943389351851854 0.40850836388888884 0.34394386944444444 0.41012041944444444 0.37480793055555556 0.05127445277777778 0.29212924907407406 0 0.26791570277777776 0 0.2697375388888889 0.0038380000000000003 0.2733532694444445 0.018778980555555554 0.2669132527777778 0.029863925 0.25611308425925927 0.03395309583333333 0.24457668333333332 0.03354662638888889 0.22838154722222223 0.025213355555555556 0.21982076574074075 0.0095192625 0.21669590092592594 0 0.16965930833333334 0
2 0.12956325185185186 0 0.11008643981481482 0.22600675694444444 0.0992410851851852 0.3441001069444445 0.08445090092592593 0.5440817513888889 0.06146074351851851 0.8245613027777777 0.06504757037037036 0.8307443986111112 0.08296195092592593 0.8384678263888888 0.09309479907407407 0.8379726958333333 0.10168352222222221 0.8414164777777778 0.16972234166666667 0 0.12956325185185186 0
2 0.4593956435185185 0.34938881666666666 0.4682733333333334 0.35034324166666664 0.4783004351851852 0.35643113055555553 0.47269165555555553 0.3466892180555556 0.4610311805555556 0.33628293472222226 0.44529591018518516 0.3302144888888889 0.43527529074074073 0.328407725 0.43340209444444444 0.33534956527777776 0.4424180574074074 0.3522293902777778 0.4593956435185185 0.34938881666666666
2 0.4375913888888889 0.36894230555555557 0.4374639157407407 0.3790034361111111 0.4399031722222222 0.38777148055555555 0.4476098472222222 0.3881733472222222 0.4519158194444444 0.38571842638888887 0.4453607185185185 0.3730257430555555 0.4389244490740741 0.3634150847222222 0.4375913888888889 0.36894230555555557
2 0.47036689907407403 0.37585175138888893 0.477548562037037 0.3688062069444444 0.46649087962962965 0.3606668791666667 0.4478237462962963 0.3597886083333333 0.4598471898148148 0.38372208194444446 0.47036689907407403 0.37585175138888893
2 0.6868684398148148 0.6279265666666667 0.6847973712962963 0.6202912763888888 0.6853158046296296 0.6147580055555556 0.6896841361111111 0.6093129305555556 0.6971855601851852 0.6033709013888889 0.7028382138888889 0.5986306194444444 0.7042063851851852 0.5922637166666667 0.7063772583333333 0.5896830583333333 0.7101177435185184 0.5888801027777778 0.7138745907407408 0.5899614513888889 0.7145147055555555 0.5934240583333333 0.7124266601851852 0.5971796263888889 0.7137866481481482 0.6032535708333333 0.7185384351851852 0.6101872236111111 0.7248731268518519 0.6187567027777777 0.7271258009259259 0.6255975583333334 0.7236665148148148 0.6336938472222222 0.7203207324074073 0.6364608638888889 0.7303468287037037 0.6385744777777778 0.7288835620370371 0.6356617444444445 0.7284428435185185 0.6300709569444445 0.7296382046296297 0.6255484777777778 0.7308202731481481 0.6211678749999999 0.7350454472222222 0.6193096499999999 0.7472955888888889 0.6182750916666667 0.7477240379629629 0.6157611541666667 0.7599309018518519 0.6183091944444444 0.7631433935185186 0.6227260722222222 0.783416925 0.5902294833333334 0.6689156444444444 0.5618068805555555 0.6638164527777778 0.6222245847222223 0.6868684398148148 0.6279265666666667
2 0.790433412962963 0.5899188916666667 0.7669998925925926 0.6250059222222222 0.7766370833333334 0.6315439097222222 0.7738437175925926 0.6500407972222223 0.7908268314814815 0.6536210291666666 0.7979854194444445 0.5923061791666666 0.790433412962963 0.5899188916666667
2 0.6560026916666666 0.6890720069444445 0.6871805898148148 0.6987496236111111 0.6857596777777778 0.6697291583333334 0.6928587814814814 0.6676032708333334 0.7054001638888889 0.6699883888888889 0.7172173722222221 0.6727383347222222 0.7245414083333334 0.6755760611111111 0.7379932277777778 0.6570152680555555 0.6620996861111111 0.6365123208333333 0.6560026916666666 0.6890720069444445
2 0.7289157138888889 0.6767569611111112 0.7309218222222222 0.6774386166666667 0.7379075444444445 0.6802050208333333 0.7424062027777778 0.6837408583333333 0.7393339425925926 0.7128491 0.783391537037037 0.7249831541666667 0.7900224972222222 0.6689391944444444 0.7433827453703704 0.6585895152777778 0.7289157138888889 0.6767569611111112
2 0.39363024629629634 0.5123993222222222 0.40106389166666667 0.5128807916666667 0.40947709629629625 0.5132068888888889 0.40686579166666664 0.5179035888888889 0.4027301611111111 0.5311448888888889 0.4149874287037037 0.5264913513888889 0.4153084092592592 0.5153408833333333 0.43110538703703705 0.51668075 0.4298086842592593 0.5305205277777778 0.44027563425925925 0.5372505208333334 0.44396496203703706 0.5416470263888888 0.4434278657407407 0.555104123611111 0.4432117481481481 0.5574107541666666 0.4405966083333333 0.5595735180555556 0.4499932064814815 0.5622781777777778 0.4550649148148148 0.5647948513888889 0.4503039537037037 0.5666861902777778 0.4638826101851852 0.5696579680555556 0.46941011666666665 0.5157516083333333 0.38628031018518516 0.4971540861111111 0.3843746212962963 0.5174936055555556 0.39363024629629634 0.5123993222222222
2 0.3872464722222222 0.6140070805555555 0.4038273509259259 0.6198547055555556 0.4019066 0.6120313458333334 0.38024762222222225 0.5882859986111111 0.3826798935185185 0.5880749958333333 0.3790903129629629 0.5826138944444444 0.3782335157407407 0.5969082847222222 0.3872464722222222 0.6140070805555555
2 0.4280094074074074 0.5806228277777777 0.4377500009259259 0.5873806347222222 0.43797762592592593 0.5926758125 0.4343420074074074 0.5902809444444445 0.40408951296296297 0.581008375 0.40663303796296296 0.5873345833333333 0.44132679351851856 0.5955531069444444 0.4476478861111111 0.5976094152777778 0.45190628055555554 0.5985071319444445 0.45386923148148145 0.6007303208333333 0.423252275 0.6185215680555556 0.4243264638888889 0.6250808388888889 0.45934375555555557 0.6349960041666667 0.46364180185185183 0.5839729708333333 0.45348559722222226 0.5816509916666667 0.4280094074074074 0.5806228277777777