2 0.7993966824074075 0.7555508791666666 0.7986951490740741 0.13258970972222223 0.7772983972222222 0.09575923472222221 0.7751937981481481 0.7787014624999999 0.7993966824074075 0.7555508791666666
2 0.9984496120370371 0.03488372083333333 0.7989079537037037 0.13271955555555556 0.7995348833333333 0.7555813958333333 0.9984496120370371 0.8232558138888889 0.9984496120370371 0.03488372083333333
2 0.7751937981481481 0.7786864305555555 0.7770678925925927 0.09557883888888889 0.5462292731481481 0.22062220972222224 0.5454592120370371 0.6772678277777777 0.7751937981481481 0.7786864305555555
2 0.45491119722222223 0.29084486249999997 0.4553036990740741 0.624668825 0.5454595148148148 0.6539502097222223 0.5460060666666666 0.24758833749999998 0.45491119722222223 0.29084486249999997
2 0 0.7418604652777778 0.45525376296296294 0.6245931722222222 0.454859262037037 0.2911414888888889 0.10644734444444445 0.16874645555555556 0.1062582712962963 0.2047646041666667 0.39355992870370365 0.2920667375 0.3933165398148148 0.6053083138888888 0.10205464074074075 0.6642582972222223 0.10626928518518518 0.1693384513888889 0 0.1325581388888889 0 0.7418604652777778
0 0 0 0 0.109302325 0.45464952685185184 0.2722990888888889 0.5460060666666666 0.21961577499999999 0.5336029657407407 0.20182002083333334 0.7890091333333333 0.054800827777777776 0.8120346916666666 0.09578632361111111 0.9984496120370371 0 0.5178294574074074 0 0.48595605277777776 0.03916045555555556 0.48641406944444443 0.11679433888888889 0.48045985 0.15080210277777778 0.45893305 0.12778674583333333 0.4447345222222222 0.13534402777777776 0.433055087962963 0.10614544444444443 0.40351299074074076 0.12332108194444444 0.3897724805555555 0.10271031666666668 0.4039710074074074 0.024045893055555555 0.3813953490740741 0 0 0
0 0.001280136111111111 0.10881160694444444 0 0.1325581388888889 0.455173175 0.29000718194444447 0.45443665 0.27177815833333335 0.001280136111111111 0.10881160694444444
0 0.5339814759259259 0.20272883055555554 0.5459803148148148 0.21891821111111112 0.7774737796296297 0.09644322777777779 0.7902416777777778 0.05403556805555555 0.5339814759259259 0.20272883055555554
0 0.455173175 0.27122576249999997 0.455173175 0.29111196944444445 0.5465024212962963 0.24747279583333331 0.5461341583333333 0.2198530625 0.455173175 0.27122576249999997
0 0.7897856824074074 0.0547195625 0.7761057907407407 0.09575923472222221 0.7984496120370371 0.1313269486111111 0.8121295027777778 0.09575923472222221 0.7897856824074074 0.0547195625
0 0.8134974916666666 0.09507523888888889 0.7979936157407408 0.13337893194444445 0.9984496120370371 0.03488372083333333 0.9984496120370371 0 0.8134974916666666 0.09507523888888889