2 0.22160544074074073 0.7714548236111111 0.22744715277777777 0.08856151666666666 0.2056251398148148 0.12482624444444446 0.19767559907407406 0.7476741680555556 0.22160544074074073 0.7714548236111111
2 0 0.8094901166666667 0.19753706388888886 0.7477010625000001 0.2054108564814815 0.12495049999999999 0.0070379027777777775 0.021905843055555554 0 0.6267076083333333 0 0.8094901166666667
2 0.4524852111111111 0.6760507694444444 0.4570283111111111 0.21945454166666667 0.2276797212962963 0.08838718194444445 0.22160561574074075 0.7714397944444444 0.4524852111111111 0.6760507694444444
2 0.45693773425925927 0.24642240555555553 0.4527562074074074 0.6527366958333333 0.5432389796296296 0.625819925 0.5475154425925927 0.2920570805555555 0.45693773425925927 0.24642240555555553
2 1 0.147041375 0.8975179740740741 0.1796961361111111 0.8959736148148149 0.6746509361111112 0.6054419564814815 0.6080851 0.608843150925926 0.2948848597222222 0.8971168055555556 0.21511718055555554 0.8973468296296296 0.17909956805555555 0.5475639185185185 0.2923550208333333 0.543289787962963 0.6257455902777778 0.9971098157407406 0.7549129333333334 1 0.5065451444444444 1 0.147041375
0 0.03132266481481481 0 0.19271583333333334 0.08767925277777777 0.2162147490740741 0.04730277638888889 0.46987145740740743 0.20098575555555556 0.4572631935185185 0.21845410416666666 0.5479928518518519 0.2735209805555555 1 0.12393033472222222 1 0.01301513472222222 0.6244040555555556 0.0031810569444444443 0.601552062962963 0.02663228888888889 0.6148331722222222 0.10565642916666668 0.6008549490740741 0.1259043472222222 0.5715171888888889 0.10795795555555555 0.5594998101851852 0.13684634027777778 0.5453913731481482 0.1289185111111111 0.5236000694444444 0.15136682083333333 0.5180424351851851 0.11720836388888889 0.5194036472222222 0.039598294444444446 0.4882975583333333 0 0.03132266481481481 0
0 1 0.12298800833333333 0.5482117574074075 0.2730057027777778 0.5472632509259259 0.29121266944444446 1 0.1470405638888889 1 0.12298800833333333
0 0.21499129537037037 0.046505366666666666 0.22726383888888887 0.0892408138888889 0.45729705740740745 0.21775732083333332 0.46948243148148144 0.20188451805555555 0.21499129537037037 0.046505366666666666
0 0.45713236018518516 0.21868800277777778 0.45644279907407403 0.2462938888888889 0.5472503972222222 0.2923172875 0.5474817712962963 0.2724341097222222 0.45713236018518516 0.21868800277777778
0 0.19262135185185184 0.08764968611111111 0.20588533148148147 0.12357010277777777 0.22863957777777777 0.0885927375 0.2154392638888889 0.04720119444444444 0.19262135185185184 0.08764968611111111
0 0.007292814814814815 0 0.0070379027777777775 0.021905843055555554 0.20631738333333335 0.1256337111111111 0.19126152962962964 0.08692998194444444 0.031312912962962965 0 0.007292814814814815 0