2 0.6132669407407407 0.2299552291666667 0.6046817768518519 0.21774521805555555 0.6041094324074073 0.7844932847222221 0.6121222527777778 0.7626170125 0.6132669407407407 0.2299552291666667
2 0.6041404277777778 0.7843548847222221 0.6046651972222222 0.2173710236111111 0.5174885324074074 0.24663042222222223 0.5174885324074074 0.7384754791666667 0.6041404277777778 0.7843548847222221
2 0.5174839231481482 0.6841729180555556 0.5173164518518518 0.25961652916666667 0.3125 0.3252192125 0.31065959907407403 0.6059416305555555 0.3297997648148148 0.6141211875 0.33071996481481486 0.5993979847222223 0.5174839231481482 0.6841729180555556
2 0.9467484425925926 0.9518864652777778 0.9462616824074074 0.13499480833333333 0.6132033472222223 0.22950300694444445 0.6120904555555555 0.7625039569444444 0.9467484425925926 0.9518864652777778
2 0.30512034537037036 0.31309920277777775 0.2975987740740741 0.3120900194444444 0.2975987740740741 0.6128267236111111 0.31065508611111115 0.6057624375 0.3125 0.32495710972222225 0.30895208888888887 0.3173882333333333 0.30512034537037036 0.31309920277777775
2 0.2975987740740741 0.6125744263888889 0.29774068981481483 0.3118377236111111 0.2916382833333333 0.3133514986111111 0.2922059490740741 0.6103037638888889 0.2975987740740741 0.6125744263888889
2 0.2859616259259259 0.6125744263888889 0.2921882898148148 0.6102118819444444 0.29171408703703705 0.3131849597222222 0.2852520435185185 0.3120900194444444 0.2859616259259259 0.6125744263888889
2 0.27716280648148145 0.5908769805555555 0.2791496361111111 0.5944091236111111 0.27886580370370373 0.6095468763888889 0.2861035425925926 0.6125744263888889 0.2852520435185185 0.3123423152777778 0.2822717981481482 0.3123423152777778 0.28241371481481486 0.3312645069444444 0.27801430555555556 0.3307599152777778 0.27716280648148145 0.5908769805555555
2 0.9994791666666667 0.062037037499999996 0.9462727620370371 0.13488450555555556 0.9466411564814814 0.9516250944444444 0.9666666666666667 0.9990740736111111 0.9994791666666667 0.9990740736111111 0.9994791666666667 0.062037037499999996
2 0.1348514212962963 0.6395348833333334 0.1352551675925926 0.5530433541666666 0.2174176351851852 0.5343812805555556 0.21761950925925924 0.6119006597222222 0.27713815740740744 0.5906432749999999 0.27741228055555556 0.5068226125 0.060562015740740736 0.5444300888888889 0.059754522222222224 0.6933677861111112 0.08155684722222223 0.6847545222222222 0.0821624675925926 0.656402526388889 0.1348514212962963 0.6395348833333334
2 0 0.26666666666666666 0.2823121648148148 0.32929172500000004 0.28224911203703706 0.3118215902777778 0 0.2370370375 0 0.26666666666666666
0 0 0 0 0.2370370375 0.28225574722222224 0.3117496805555555 0.2852729888888889 0.31187739444444446 0.2915229888888889 0.3131545347222222 0.2977011490740741 0.31200510833333334 0.3052442527777778 0.31302682083333333 0.5116298527777778 0.23910456666666668 0.5103748324074074 0.22199910694444444 0.6147486768518519 0.1828336263888889 0.6215277777777778 0.19988242222222222 0.9301669675925927 0.0972723625 0.9890625 0 0 0
0 0.5171130953703703 0.24669312083333333 0.6052147638888888 0.2165180611111111 0.6155028287037038 0.23137860138888888 0.9472929527777777 0.13535665277777778 0.9994791666666667 0.06018518472222223 0.9994791666666667 0 0.9884452157407407 0.0004686791666666667 0.93121785 0.09649062638888889 0.6215277777777778 0.19876543194444443 0.6152777777777778 0.1827160486111111 0.5104166666666666 0.2216049375 0.5118055555555555 0.2388888888888889 0.30571338425925926 0.31341189583333334 0.30934343425925925 0.3179012347222222 0.3128156564814815 0.324915825 0.5171130953703703 0.2612433861111111 0.5171130953703703 0.24669312083333333