2 0.5871093222222222 0.20893771944444445 0.5774748388888888 0.19863877083333334 0.6294921212962963 0.7599907666666667 0.6353972361111111 0.7366546388888889 0.5871093222222222 0.20893771944444445
2 0.629509974074074 0.7598472430555555 0.5774237018518519 0.19827167916666666 0.49381018240740737 0.24544529722222225 0.5394445833333333 0.7325037527777778 0.629509974074074 0.7598472430555555
2 0.34204454166666665 0.6485415097222222 0.34158973703703704 0.6337694916666666 0.5344017148148148 0.6787306222222222 0.49484465370370373 0.2583409486111111 0.29810821388888886 0.36606260138888885 0.32233173055555553 0.64443725 0.34204454166666665 0.6485415097222222
2 0.9843276777777776 0.8542256875 0.9080527583333334 0.04538558055555556 0.5870043898148148 0.20850317361111112 0.6353552583333333 0.7365493222222222 0.9843276777777776 0.8542256875
2 0.2980838962962963 0.36580305 0.2938682564814815 0.3590484944444445 0.2896758583333333 0.35560111666666666 0.2821338527777778 0.35617195555555553 0.3100368259259259 0.6539819111111111 0.32231063518518516 0.6442607430555556 0.2980838962962963 0.36580305
2 0.31001341666666665 0.6537320694444445 0.2822509787037037 0.3558924888888889 0.2763484111111111 0.3586654680555556 0.30446239814814813 0.6526093083333333 0.31001341666666665 0.6537320694444445
2 0.29848952037037035 0.6561614361111111 0.3044363851851852 0.6525220083333334 0.27640802592592595 0.35848472499999995 0.2699072796296296 0.35874945555555554 0.29848952037037035 0.6561614361111111
2 0.269930687962963 0.35899929583333334 0.26697944629629633 0.35962144999999995 0.2688756212962963 0.3783298666666667 0.2644722101851852 0.3787486041666667 0.2877631972222222 0.6365119875 0.2900584101851852 0.6395949861111111 0.29118185185185186 0.6546446708333333 0.2986300564814815 0.6561318097222222 0.269930687962963 0.35899929583333334
2 0.9330327694444445 0 0.9080534953703704 0.04527403888888889 0.9841971851851853 0.8539892583333333 1 0.8819042972222222 1 0.4531684 0.9575408898148148 0 0.9330327694444445 0
2 0.2877171037037037 0.6362857013888888 0.2802115046296296 0.55322355 0.0689609111111111 0.6357346180555555 0.08198002407407408 0.7833914361111111 0.10277101388888889 0.77031055 0.10074018333333333 0.7421080458333335 0.1513513574074074 0.7144052291666666 0.14372631111111112 0.6286711444444444 0.2233576740740741 0.5930384805555555 0.23074999166666668 0.6697613027777778 0.2877171037037037 0.6362857013888888
2 0 0.37349842638888886 0.2685920212962963 0.37639748333333334 0.2669086666666667 0.35911052916666664 0 0.3450080180555556 0 0.37349842638888886
0 0.47669106388888893 0 0 0.10049184027777777 0 0.34500306805555553 0.26690856574074073 0.35903793472222223 0.2699082935185185 0.3585345263888889 0.2762159638888889 0.3584944902777778 0.2822273527777778 0.3560664986111111 0.28979184444444445 0.35550357222222223 0.4873102546296296 0.2392157388888889 0.48448036759259255 0.22253874583333336 0.5842045990740741 0.16196537361111113 0.5924995481481481 0.17743305 0.8886147092592592 0.011390173611111111 0.8937841101851852 0 0.47669106388888893 0
0 0.8942220814814815 0 0.8895828333333333 0.01039666388888889 0.5923959120370371 0.17632692916666667 0.5847176416666666 0.1617384861111111 0.4844852231481482 0.2221396791666667 0.4874642361111111 0.23896548055555555 0.290292137962963 0.35578696527777776 0.29430339074074074 0.35947480555555555 0.29839265000000004 0.36569627083333334 0.4947942194444444 0.25999442500000003 0.49344421574074077 0.24558576250000003 0.5778887805555555 0.1973122902777778 0.5894555148148147 0.2098804763888889 0.9091075648148148 0.045528615277777774 0.9329584842592592 0 0.8942220814814815 0