2 0.09603541203703703 0.7429184138888889 0.09520725462962963 0.11796817222222222 0.012333333333333333 0.02461734722222222 0.012605041666666667 0.7792402680555556 0.09603541203703703 0.7429184138888889
2 0.6725746268518519 0.5873058180555556 0.6822139296296297 0.5849261347222222 0.6902985074074074 0.5863539458333333 0.6912313435185186 0.6082470305555555 0.701492537962963 0.6096748402777779 0.7077114425925926 0.6044395375 0.7148631842592592 0.6168138902777778 0.7074004972222222 0.6372791652777778 0.7226368157407408 0.6363272916666667 0.7534203981481481 0.6520332013888889 0.7549751240740741 0.7434130375 0.79100295 0.7438594916666668 0.7974926250000001 0.6815513819444444 0.7764011796296296 0.6754560236111111 0.7762536879629629 0.6327885138888889 0.8153392333333334 0.6332400222222222 0.8233038351851851 0.5819938597222222 0.8056047203703703 0.5806393361111111 0.8057522120370371 0.5397778583333334 0.8511799407407407 0.5393263500000001 0.8511799407407407 0.5813165972222223 0.8321533925925927 0.5817681055555556 0.8389380537037037 0.6332400222222222 0.8923303833333334 0.6357233166666667 0.8926253685185185 0.6815513819444444 0.8703539824074075 0.6822286444444445 0.87625 0.743622448611111 0.9013201314814815 0.7440897152777778 0.9004166666666668 0.11862244861111111 0.37083333333333335 0.11734693888888889 0.09541666666666666 0.11734693888888889 0.09588826111111111 0.6339117569444445 0.13649999999999998 0.6318877555555555 0.14275 0.58125 0.125 0.58125 0.12491666666666666 0.5410714291666667 0.12541666666666665 0.5386479597222222 0.17115942037037035 0.5399290152777778 0.17043478240740742 0.5809671694444444 0.15304347870370372 0.5816326527777778 0.16 0.6326530611111111 0.21259259259259258 0.6332199541666667 0.21333333333333335 0.6768707486111112 0.19592592592592592 0.6814058958333333 0.1925925925925926 0.6836734694444444 0.1985185185185185 0.7448979597222223 0.23962962962962964 0.7437641722222222 0.23962962962962964 0.65079365 0.2551963046296296 0.6433520291666667 0.2727097768518519 0.637460526388889 0.282717475 0.6380496777777778 0.2765588916666667 0.6141890930555556 0.2817551962962963 0.6047626902777778 0.3002594037037037 0.608472961111111 0.30090791203703704 0.5866354319444445 0.3038262 0.5856428180555555 0.3997175138888889 0.5858699416666667 0.4021251712962963 0.4532829291666666 0.3274358972222222 0.45408163333333335 0.325641025925926 0.4454474097222222 0.33076923055555557 0.4450549458333334 0.32999999999999996 0.41169544722222223 0.3458974361111111 0.41169544722222223 0.3458974361111111 0.40227629444444446 0.3702564101851852 0.4014913666666666 0.37 0.41012558888888884 0.3823076925925926 0.41051805416666665 0.3820512814814815 0.3893249611111111 0.42897435925925925 0.3905023541666667 0.4287179481481481 0.41091051805555556 0.4661538462962963 0.41051805416666665 0.4664102564814815 0.40188383055555554 0.49692307685185183 0.40227629444444446 0.4979487185185185 0.4113029819444444 0.5082051287037037 0.41091051805555556 0.5102564101851852 0.40816326527777774 0.552029361111111 0.40710584722222226 0.5533333333333333 0.4113520402777778 0.5688333333333334 0.4109693875 0.5691666666666667 0.38188775555555554 0.6123333333333334 0.3817602041666667 0.61325 0.41160714305555557 0.6340833333333333 0.41109693888888893 0.6348824787037037 0.40513801666666666 0.6295405981481482 0.3985969388888889 0.6267667842592592 0.38175164027777775 0.6090989398148149 0.36665284444444446 0.6105712601851851 0.359216125 0.6232332157407408 0.3571879291666667 0.6248527685185186 0.3686810402777778 0.6328032981481481 0.36890639722222224 0.6332449944444444 0.3603429 0.637809187962963 0.36327251805555555 0.6392815074074074 0.3580893486111111 0.6482626620370371 0.3560611513888889 0.6593050648148149 0.36327251805555555 0.6545936388888889 0.38332912638888883 0.6466431092592593 0.3849066125 0.6470848055555556 0.3909912013888889 0.6386925787037038 0.41082245694444447 0.6643913546296296 0.4113846902777778 0.6641069398148148 0.4444695972222222 0.6692263935185185 0.444904925 0.6686575648148149 0.45404680555555554 0.402684537037037 0.4532785638888889 0.40042372962962963 0.5869508833333333 0.43176733796296296 0.5829680861111112 0.4761904759259259 0.5858236152777778 0.5464285712962963 0.5858236152777778 0.5660714287037036 0.5849125374999999 0.6259328361111112 0.5877817555555556 0.6725746268518519 0.5873058180555556
2 0.11977777777777779 0.6809523819444444 0.09577777777777778 0.6812925166666667 0.09688888888888889 0.7431972791666667 0.11288888888888889 0.7435374138888889 0.11977777777777779 0.6809523819444444
2 0.13755555555555557 0.682312925 0.1328888888888889 0.7435374138888889 0.1797777777777778 0.743877551388889 0.17488888888888887 0.6812925166666667 0.13755555555555557 0.682312925
2 0.13155555555555556 0.6812925166666667 0.1257777777777778 0.6809523819444444 0.11866666666666667 0.7435374138888889 0.12711111111111112 0.743877551388889 0.13155555555555556 0.6812925166666667
2 0.18609134074074074 0.6801964555555555 0.1820877814814815 0.6806503736111111 0.1863879 0.744198925 0.19276393796296298 0.7435180472222223 0.18609134074074074 0.6801964555555555
2 0.8133333333333334 0.6820408166666667 0.8084 0.7432653055555556 0.8564 0.7428571430555555 0.8529333333333333 0.6814285708333334 0.8133333333333334 0.6820408166666667
2 0.8078666666666666 0.6812244902777778 0.8024 0.6812244902777778 0.7964 0.7434693875 0.8028 0.743877551388889 0.8078666666666666 0.6812244902777778
2 0.856602475925926 0.6810908680555555 0.8622191657407408 0.7430241694444444 0.8698991287037037 0.7437259625 0.864167812962963 0.6812663166666667 0.856602475925926 0.6810908680555555
2 0.9697136564814814 0.03778769305555556 0.9004166666666668 0.11862244861111111 0.9015748037037037 0.7452193486111112 0.9683168314814814 0.7738937152777778 0.9697136564814814 0.03778769305555556
2 0.9684377842592592 0.7746899847222223 0.9991666666666665 0.7742346944444445 0.9991666666666665 0.039540816666666666 0.9698825935185186 0.03965215416666667 0.9684377842592592 0.7746899847222223
2 0 0.7793367347222222 0.0125 0.779305625 0.012195121296296296 0.024732454166666664 0 0.024234694444444444 0 0.7793367347222222
0 0.1514920462962963 0.11250296527777777 0.1521035601851852 0.11795373472222222 0.32200647222222223 0.11733455416666667 0.3216058277777778 0.08697956805555555 0.3218042074074074 0.0869947486111111 0.322208737037037 0.11671537500000001 0.4986064657407408 0.11731281111111112 0.4933110370370371 0.08659818472222222 0.49386845 0.08659818472222222 0.4988851722222222 0.11816599444444444 0.6669263175925926 0.11774015833333333 0.6669453731481482 0.11816599444444444 0.8411053546296297 0.11829861527777778 0.8380418148148148 0.08816456388888888 0.8384581111111111 0.0883307875 0.8411319074074074 0.11800174583333334 0.9005681814814815 0.1181296375 0.9692234851851852 0.03841025 0.9985795453703704 0.039134972222222224 0.9979575166666667 0.0008253305555555556 0.0006321842592592593 0.0022871208333333335 0.0004873287037037037 0.02461510972222222 0.012183236111111112 0.02461510972222222 0.09600389814814814 0.11785415972222223 0.15204678333333332 0.11785415972222223 0.1514920462962963 0.11250296527777777