2 1 0.18572452083333332 0.9428691212962963 0.22920937777777778 0.8697058981481481 0.8444495097222222 0.9476639583333334 0.9019508500000001 1 0.45813399166666663 1 0.18572452083333332
2 0.5575912166666667 0.5994803305555555 0.5879975749999999 0.6115667611111111 0.6012457509259259 0.4793363472222222 0.3392245148148148 0.41081431944444446 0.3397226416666667 0.4016631611111111 0.34481471574074074 0.4025679222222222 0.3483647111111111 0.36991156666666664 0.37373815185185183 0.3760516944444445 0.36776919629629634 0.35433577777777775 0.36890856666666666 0.3484586763888889 0.3612614425925926 0.3448342638888889 0.35894345555555557 0.32385516388888885 0.37065292685185186 0.31962959444444444 0.3792628425925926 0.3239663208333333 0.3801127620370371 0.32945424444444443 0.3849467638888889 0.32775797916666666 0.38439039259259256 0.33630642777777775 0.39224622407407406 0.3381553861111111 0.3951716777777778 0.32725873055555554 0.407406475 0.33255420138888886 0.40799551203703704 0.3402614388888889 0.38884816296296293 0.35052886666666666 0.3841663861111111 0.36639574583333334 0.37814842962962963 0.3714460388888889 0.37824559722222223 0.3775225861111111 0.3987033611111111 0.3834515444444444 0.4030613453703704 0.3542968138888889 0.4455574481481481 0.36566614722222224 0.4425190685185185 0.3943927888888889 0.4577392907407407 0.39880694722222226 0.4595150157407407 0.3949649125 0.5005309287037036 0.4068869611111111 0.5022330101851852 0.4101267791666667 0.5122881685185184 0.41318479027777777 0.5143432064814816 0.4045623902777778 0.5444379027777778 0.41212363194444446 0.5436908722222222 0.4206934708333333 0.5805126018518518 0.4308309847222222 0.5826226462962962 0.41066607916666664 0.6289691583333333 0.42172873333333327 0.6262632148148148 0.44253306805555553 0.6384293592592593 0.44535237777777775 0.6391763898148148 0.4367825416666667 0.6630744287037037 0.44390038055555553 0.6619840157407407 0.45317643611111114 0.6776399342592593 0.45731727777777775 0.673020512962963 0.48996960694444447 0.678025375 0.4916918638888889 0.6752582268518518 0.4997274 0.601796112962963 0.47948634444444443 0.5888181972222222 0.6106861902777777 0.683279 0.6354395458333334 0.6860380416666666 0.6371772124999999 0.6841486666666666 0.658851898611111 0.702801275 0.6600178277777777 0.7068273842592592 0.6706545166666668 0.6980001314814815 0.6925484652777777 0.7079239944444444 0.6945749916666667 0.7244893648148149 0.7049387625 0.7389580648148149 0.7163220166666666 0.7281952898148149 0.8078801069444445 0.7685505777777778 0.8197049736111112 0.7814741555555555 0.760954161111111 0.7784539703703703 0.7578527958333333 0.7618360333333334 0.7488524013888889 0.767618775 0.7060577027777778 0.8194779944444445 0.7191983333333334 0.8322352314814815 0.6707650208333333 0.8151851805555556 0.6655796958333333 0.8192223518518519 0.6249762555555556 0.8644184722222222 0.6356293805555555 0.8646303222222222 0.6381462680555555 0.8598969648148148 0.6776927305555556 0.8424166268518519 0.6730693472222222 0.8427095722222222 0.7245657527777777 0.8824700185185186 0.7371372375 0.9427348083333333 0.2285430361111111 0.6715023388888889 0.15680463333333333 0.14981690648148147 0.020118994444444444 0.07651966666666667 0.6358486791666667 0.10126302037037037 0.6419185861111111 0.11417674537037037 0.5829932402777778 0.09232211574074074 0.5765251888888889 0.09791792592592594 0.5314701902777779 0.1507865851851852 0.5429318444444444 0.16342684166666668 0.49400911666666664 0.14474161944444447 0.48860858055555556 0.1496026388888889 0.44725625972222227 0.19428794907407407 0.45953357222222224 0.1897028527777778 0.4998126888888889 0.17211582037037038 0.49653650555555556 0.17402688703703703 0.5490786819444444 0.21257090370370368 0.5588147333333333 0.20748622962962962 0.6007956111111111 0.1860095787037037 0.6013046305555555 0.18518753425925924 0.6643565194444445 0.2207197009259259 0.6733010986111111 0.2328294351851852 0.5837144902777778 0.26496354722222226 0.5762654583333333 0.2798581981481481 0.5811715083333333 0.27487805740740745 0.5590733236111112 0.2833536703703704 0.5487497958333333 0.2888720287037037 0.5555254152777778 0.29914262407407405 0.5567920527777778 0.3025957509259259 0.5354745513888889 0.31072279722222224 0.5361742402777778 0.31994017222222226 0.5410285416666667 0.36581827222222224 0.5536461416666667 0.42510240648148145 0.56641275 0.44434137314814814 0.5724264069444445 0.5135123944444444 0.5907214819444444 0.5575912166666667 0.5994803305555555
2 0.8530368046296297 0.8406692416666666 0.8688331046296296 0.8445018305555556 0.8770937685185185 0.7838269541666667 0.8534977583333333 0.7772406527777779 0.8530368046296297 0.8406692416666666
2 0.7991845324074074 0.7632207041666667 0.7871247324074073 0.8235815111111111 0.8333406499999999 0.8354597958333334 0.8358325611111111 0.7739499083333333 0.7991845324074074 0.7632207041666667
2 0.8389912740740741 0.8372997180555556 0.8473468046296296 0.8391642902777778 0.8475889111111111 0.7756778194444445 0.8418595351851852 0.7745078361111111 0.8389912740740741 0.8372997180555556
2 0.7743774787037037 0.8198449347222223 0.7805778287037037 0.8221762486111112 0.7921693453703704 0.7607132041666668 0.7882791574074074 0.7592233666666666 0.7743774787037037 0.8198449347222223
2 0.13142535648148146 0.5867429180555556 0.12090005000000001 0.6463352819444445 0.1681235712962963 0.6592399125 0.17035286666666669 0.5976605638888889 0.13142535648148146 0.5867429180555556
2 0.1735676175925926 0.6613015013888889 0.17991763796296295 0.6625665611111111 0.18121460092592592 0.5997044694444444 0.1758309851851852 0.5982805541666667 0.1735676175925926 0.6613015013888889
2 0.12038033703703703 0.5836568583333334 0.10750542407407407 0.6436747527777779 0.11514995462962964 0.6449840388888889 0.12785105092592594 0.585454636111111 0.12038033703703703 0.5836568583333334
2 0.0819675462962963 0 0.007090524074074074 0.6477491083333333 0.07613809166666667 0.6368948166666667 0.14981690648148147 0.020118994444444444 0.1376852787037037 0 0.0819675462962963 0
2 0.05190854351851852 0 0 0.44158196666666666 0 0.6465770069444444 0.006879227777777778 0.648501775 0.08179780740740741 0 0.05190854351851852 0
2 1 0.45920912916666673 0.947759837962963 0.902042575 0.9600663333333334 0.9053291152777777 1 0.5656164986111111 1 0.45920912916666673
0 0.1378566462962963 0 0.14972474444444445 0.019594204166666667 0.20827285370370371 0.034949756944444445 0.21434090092592592 0.006426016666666666 0.21477011481481484 0.006370751388888889 0.20826463518518518 0.035249031944444446 0.379794087962963 0.08048227083333333 0.37986215185185185 0.08006786805555556 0.5453010768518518 0.12425729305555555 0.5538960462962963 0.09447578611111111 0.5544449907407408 0.0946209763888889 0.5456743185185186 0.12348966666666666 0.7194613324074074 0.16884802361111112 0.7233003379629629 0.1396842888888889 0.7234974611111111 0.1397210111111111 0.7195888444444444 0.16951047916666667 0.8868388694444445 0.21437525 0.8880721037037037 0.2091665722222222 0.8869063111111112 0.2142919763888889 0.9420977787037037 0.22888959444444446 1 0.18547300416666665 1 0.12677966527777776 0.523388325925926 0 0.1378566462962963 0