2 0.5752372361111111 0.17111127361111111 0.5666033648148149 0.37929494027777777 0.6150393407407407 0.3840380013888889 0.6309813888888889 0.040196605555555556 0.6256492796296297 0.03136932916666667 0.3515844203703704 0.0249487125 0.3473213046296296 0.029229177777777778 0.3406846648148148 0.18479785416666666 0.3360759435185185 0.3569424902777778 0.3785490425925926 0.3617236847222222 0.38578491851851854 0.16191462083333333 0.4165140175925926 0.14229217638888889 0.45667607407407407 0.12978163055555555 0.4948711157407408 0.130403625 0.5359310296296297 0.1427568138888889 0.5752372361111111 0.17111127361111111
2 0.4057605953703704 0.36377435972222216 0.41074358055555554 0.18469505694444446 0.3858411546296296 0.16180900833333334 0.3785413796296296 0.3617406541666666 0.4057605953703704 0.36377435972222216
2 0.49495878518518516 0.13062996666666668 0.45666884351851855 0.12970412083333333 0.41644059722222226 0.14217456527777778 0.3859826212962963 0.16190569444444444 0.41064580185185184 0.18471281527777778 0.4237876287037037 0.1752313902777778 0.45747784907407407 0.16039235416666667 0.4951902583333333 0.15624129027777778 0.5320650953703704 0.1619855527777778 0.5745067009259259 0.18899135694444447 0.574980412962963 0.17109782083333333 0.5358920925925926 0.14270190972222221 0.49495878518518516 0.13062996666666668
2 0.42380284444444444 0.1749824263888889 0.41044293703703705 0.1844242861111111 0.40578754166666664 0.3638551402777778 0.4915828685185185 0.3719371458333333 0.4919096055555556 0.31290093750000003 0.4826862518518519 0.3128575027777778 0.4835839731481482 0.28951124166666664 0.49314576481481487 0.2898034305555556 0.4927733509259259 0.2998000333333333 0.5017289509259258 0.3003652902777778 0.49277092499999997 0.2999042416666666 0.491917187962963 0.31278954722222224 0.49165128333333336 0.37178422916666665 0.5664320175925925 0.37939813055555555 0.574374237037037 0.1887582388888889 0.5320727268518519 0.16200614722222223 0.49519781851851846 0.15614879027777778 0.4576420185185185 0.16072458472222223 0.42380284444444444 0.1749824263888889
2 0.34230585740740743 0.6213116208333334 0.3475736712962963 0.3880103541666667 0.34072395833333335 0.3871629027777778 0.34117137407407405 0.3749699583333333 0.3352961333333333 0.3744178791666667 0.329423225 0.6196595027777777 0.34230585740740743 0.6213116208333334
2 0.6007054111111111 0.6588036625 0.6151783537037037 0.38795331944444444 0.6074634083333333 0.3890742875 0.606616575 0.4000140125 0.6016233842592592 0.4010251152777778 0.6013619888888889 0.4122531777777778 0.5975082675925927 0.41311185833333336 0.5854251259259259 0.6576764583333333 0.6007054111111111 0.6588036625
2 0.6696321953703703 0.32439239583333335 0.669631512962963 0.32442678333333336 0.6462703611111111 0.3223961416666667 0.645422725925926 0.29670588472222226 0.6510431638888889 0.29592046527777777 0.6597266962962962 0.1325117902777778 0.7112062361111111 0.13513325416666666 0.6304823555555555 0.050484825000000004 0.6015398907407408 0.6428403625 0.8016663777777777 0.6647419708333333 0.8381280194444445 0.0632078388888889 0.6305553703703705 0.05048864861111111 0.7112992435185185 0.1350975236111111 0.7749530453703704 0.13993582777777777 0.7676340305555556 0.3069385375 0.7747636148148148 0.3077226708333333 0.7700146388888889 0.3345786833333333 0.6696321953703703 0.32439239583333335
2 0.3465472175925926 0.04391090555555555 0.2711913314814815 0.04343016527777777 0.27119270648148147 0.043066377777777776 0.16080677222222223 0.04671508055555556 0.15500588518518518 0.2939319611111111 0.15327949351851852 0.5760016375 0.24466967222222222 0.5896989638888889 0.32961819166666667 0.6035714291666667 0.33556577222222217 0.3636217861111111 0.3265661555555555 0.36207055 0.32706523981481483 0.3561576527777778 0.33599448611111116 0.3568503402777778 0.3406610694444444 0.18486260694444445 0.3465472175925926 0.04391090555555555
2 0.21515538703703704 0.29287647083333335 0.3196241953703704 0.29798448194444443 0.32135553796296296 0.11889544027777776 0.2709092564814815 0.1180739388888889 0.22312450925925925 0.11812022222222222 0.217226075 0.26676351249999997 0.21181832592592592 0.2686653680555556 0.21515538703703704 0.29287647083333335
2 0.01133548425925926 0 0 0.4869086930555555 0 0.6444982027777778 0.04039463333333333 0.6262408277777778 0.04045407314814815 0.6264944847222222 0.15325967685185185 0.5761436486111111 0.15496862777777778 0.2936850194444445 0.1582658212962963 0.15655695972222222 0.16073708611111112 0.0468694 0.0957033 0 0.01133548425925926 0
2 0.8882407648148148 0.7979732500000001 0.9071862305555556 0.8003848916666666 0.9664629009259259 0.04439606805555556 0.9439009675925926 0.04224915416666667 0.8882407648148148 0.7979732500000001
2 0.963320651851852 0.023964498611111114 0.9439836935185185 0.0422534875 0.966466161111111 0.044256012500000004 0.9862921870370371 0.02516777361111111 0.963320651851852 0.023964498611111114
2 0.888105799074074 0.7979744097222222 0.9438767953703704 0.042293955555555554 0.963320651851852 0.023964498611111114 0.8706601907407407 0.019110836111111112 0.838085313888889 0.06322749722222222 0.8016758703703704 0.6648182111111111 0.8835352444444444 0.7952173611111112 0.888105799074074 0.7979744097222222
0 0.09574243055555556 0 0.1607581425925926 0.04679940277777777 0.27122824814814817 0.043212516666666666 0.346634062037037 0.04380099305555556 0.3472499148148148 0.02926188611111111 0.3516054185185185 0.024863105555555556 0.6256800490740742 0.0313652125 0.6309591055555556 0.04011852638888889 0.6304869527777778 0.050517955555555556 0.8381154453703703 0.06324427499999999 0.8706601907407407 0.019110836111111112 0.5058183564814814 0 0.09574243055555556 0