2 0.4082423259259259 0.1468805111111111 0.4480888425925926 0.13227513194444446 0.4862750888888889 0.13089726666666668 0.5275974027777778 0.141093475 0.5675393694444444 0.1673730111111111 0.5637544277777777 0.37588183472222225 0.6122712518518519 0.37808641944444443 0.6202036601851852 0.033619929166666666 0.6146694212962963 0.02507716111111111 0.3406221305555555 0.033007544444444446 0.3364612027777778 0.03750857361111111 0.3334481175925926 0.19332990416666668 0.3328473777777778 0.36561093749999996 0.3754058444444444 0.3681657847222222 0.3779884888888889 0.16809964722222223 0.4082423259259259 0.1468805111111111
2 0.4026485324074074 0.36879070694444444 0.4034619638888889 0.1895596388888889 0.37804223333333337 0.16799115416666666 0.3753985814814815 0.36818314444444444 0.4026485324074074 0.36879070694444444
2 0.5241812064814815 0.16051287916666665 0.5672252833333333 0.1852804458333333 0.5672823898148148 0.1673730111111111 0.5275572120370371 0.14104064166666666 0.4863679703703704 0.13111888055555554 0.44807981296296295 0.13219804861111112 0.40816621388888885 0.14676681388888888 0.3781858638888889 0.1680803763888889 0.40336465833333335 0.18958250416666667 0.4162778814814815 0.17941889027777777 0.4496023287037037 0.16282523611111113 0.48719518425925923 0.15670248472222223 0.5241812064814815 0.16051287916666665
2 0.5670874768518519 0.18505440416666666 0.524189312037037 0.16053306111111112 0.487200587962963 0.15660964583333334 0.44977412777777775 0.16314867083333334 0.4162872953703704 0.17916928194444443 0.4031552037037037 0.18930477083333333 0.40267734166666663 0.3688700277777777 0.48860844351851856 0.37245578888888886 0.487561425 0.3134384388888889 0.4783426796296296 0.31387786666666667 0.4786966722222222 0.2904988319444444 0.48825943703703706 0.29029029027777775 0.4881198342592593 0.3003003 0.4970831305555556 0.30039639305555554 0.4881198342592593 0.30040457083333333 0.48756641111111115 0.31332671944444446 0.4886732583333333 0.37229938333333334 0.5635855861111111 0.3759939319444444 0.5670874768518519 0.18505440416666666
2 0.3381956796296296 0.39556962083333336 0.33835913796296296 0.3833606819444445 0.3324746314814815 0.3831165027777778 0.3323111731481482 0.628516175 0.3452243962962963 0.6294928902777778 0.34506093703703705 0.3960579777777778 0.3381956796296296 0.39556962083333336
2 0.5992586953703704 0.39576550000000005 0.5992586953703704 0.40700040694444445 0.5954273 0.4080603041666667 0.5890416398148148 0.6531084652777778 0.6043388425925926 0.6534350708333333 0.6125012750000001 0.381992075 0.6048171101851852 0.38351623194444445 0.6042253203703704 0.3944936236111111 0.5992586953703704 0.39576550000000005
2 0.7664081787037037 0.1257615847222222 0.762979162962963 0.29304570555555554 0.7701226481481481 0.29345613333333337 0.7660014064814815 0.3205443916666667 0.6654431157407408 0.3156192541666667 0.6654432333333333 0.3156536555555556 0.6420490666666667 0.3148471902777778 0.6406042305555556 0.28921695555555554 0.6462029703703704 0.28813778888888886 0.6510792925925926 0.12437408194444445 0.7025884648148147 0.12429903472222223 0.6199443 0.043928004166666666 0.6048014064814815 0.6374378111111111 0.8053155518518519 0.6488496069444445 0.8277594898148147 0.045773175 0.6200173592592593 0.043928004166666666 0.7026805842592593 0.12425845694444444 0.7664081787037037 0.1257615847222222
2 0.3234626944444445 0.3712337041666667 0.32382390370370373 0.36529828194444447 0.33276382685185185 0.36552310833333335 0.3334260435185185 0.19339585277777777 0.33602917685185185 0.05222188055555555 0.2607080101851852 0.05568625694444444 0.26070092037037035 0.05532261805555556 0.15046712222222222 0.06474771944444445 0.1504215990740741 0.31211767361111115 0.15525898518518516 0.5941058958333333 0.2469121787037037 0.6030106722222223 0.3321317111111111 0.6124276958333333 0.33249292037037037 0.3723128722222222 0.3234626944444445 0.3712337041666667
2 0.2621627944444444 0.130299325 0.21440823333333334 0.1328470763888889 0.21197177592592592 0.2817085958333333 0.2066115703703704 0.28389238333333333 0.21050990185185187 0.3079140458333333 0.31503391574074074 0.30755008194444444 0.31259745833333336 0.1284795013888889 0.2621627944444444 0.130299325
2 0 0 0 0.6724537041666667 0.043611773148148146 0.6502239194444445 0.0436770787037037 0.6504743097222222 0.1552424851851852 0.5942488583333333 0.15037861851851853 0.3118728333333333 0.15048333703703703 0.17465570277777778 0.15040106944444445 0.06490559166666666 0.0516528925925926 0 0 0
2 0.8949370037037038 0.7774676222222223 0.9139270379629629 0.7788860138888888 0.955578512037037 0.020254629166666666 0.9329803722222222 0.019290123611111112 0.8949370037037038 0.7774676222222223
2 0.9519628101851851 0 0.9330631490740741 0.019290123611111112 0.955578512037037 0.0201144875 0.9749483472222222 0 0.9519628101851851 0
2 0.8592458675925926 0 0.8277172675925927 0.04579505694444445 0.805326812962963 0.6489253041666667 0.8901702296296296 0.7749597416666666 0.8948021472222222 0.7774758458333333 0.9329572574074074 0.0193361625 0.9519628101851851 0 0.8592458675925926 0
0 0.0516528925925926 0 0.15042048425925927 0.06483453611111112 0.2607398407407407 0.05546680833333333 0.3361134111111111 0.05210748888888889 0.3363906175925926 0.037544998611111116 0.34064112407407404 0.032920890277777774 0.6147000759259259 0.025071436111111112 0.6201795740740741 0.033543063888888884 0.6199496657407408 0.043960875 0.8277477712962963 0.04581024583333333 0.8592458675925926 0 0.0516528925925926 0