2 0.5597592166666666 0.16404000416666667 0.5608278157407407 0.3726199486111111 0.6093663777777778 0.37228337083333335 0.6092794824074074 0.02761146388888889 0.6035498555555555 0.019363613888888888 0.32985401851851853 0.04163533472222222 0.32580034722222223 0.04635144305555555 0.3264144888888889 0.20223558472222222 0.329822462037037 0.37444311666666663 0.3724144453703704 0.3747685041666667 0.3703407111111111 0.17468904305555555 0.40008242685185186 0.15189906666666667 0.4395648564814815 0.13521665 0.4776957833333333 0.1318406027777778 0.5192301527777777 0.13986740833333333 0.5597592166666666 0.16404000416666667
2 0.39965507777777776 0.37396691249999997 0.3962979638888889 0.19480244444444444 0.3703918990740741 0.1745778013888889 0.37240759074074076 0.37478623333333333 0.39965507777777776 0.37396691249999997
2 0.4777937648148148 0.13205721944444446 0.4395540388888889 0.1351400861111111 0.4000037166666667 0.1517894236111111 0.37053751759259257 0.1746594513888889 0.39620125 0.1948303888888889 0.4088701361111111 0.18399696944444446 0.44178821018518516 0.16566891388888888 0.47921571111111105 0.15758193472222223 0.5162678564814815 0.15945381805555556 0.5598619620370371 0.1819529722222222 0.5595023935185185 0.16405345555555556 0.5191887574074073 0.1398167111111111 0.4777937648148148 0.13205721944444446
2 0.40887373703703705 0.18374702083333333 0.3959854611111111 0.19456379027777776 0.3996857148148148 0.3740446763888889 0.48564789722222224 0.373129825 0.48322839907407406 0.3142032375 0.4740254935185185 0.3151249916666667 0.4738353259259259 0.29174166805555557 0.4833874138888889 0.29103265 0.4834807916666667 0.30104386944444445 0.4924408638888889 0.30067068194444446 0.4834832175925926 0.3011480763888889 0.4832307833333333 0.31409132500000003 0.4857090333333333 0.3729701208333333 0.5606616851851852 0.37274081527777775 0.5597189805555556 0.18173428194444444 0.5162764259259259 0.1594735625 0.4792189509259259 0.15748886944444446 0.4419674296296296 0.16598315833333332 0.40887373703703705 0.18374702083333333
2 0.3483315055555556 0.6375163930555555 0.3427369722222222 0.4042322388888889 0.3358645342592593 0.4041035708333333 0.3357438361111111 0.3918935125 0.32985723333333333 0.3919575319444445 0.3354034240740741 0.6372162694444444 0.3483315055555556 0.6375163930555555
2 0.6078451537037037 0.6478795430555556 0.6096871305555556 0.37617460555555554 0.6020431083333333 0.3781000944444445 0.6017070824074074 0.38910177777777777 0.596773075 0.39063287916666667 0.5970344703703704 0.40186094166666664 0.5932300685185186 0.4031207638888889 0.5925496703703704 0.6483539333333334 0.6078451537037037 0.6478795430555556
2 0.6610524685185185 0.3070707513888889 0.6610533870370371 0.30710512638888887 0.6376547074074075 0.30752381944444446 0.6356144305555556 0.28198483333333335 0.6411846509259259 0.2806132347222222 0.6422478222222222 0.11669401666666668 0.6937238703703703 0.11392254861111112 0.6092601111111111 0.0379268375 0.607935237962963 0.6318678138888889 0.8085927462962963 0.6327758930555555 0.816991636111111 0.028891915277777777 0.6093331259259259 0.0379230125 0.6938149898148148 0.1138771736111111 0.7575387351851852 0.11204329305555556 0.7580038962962964 0.2794050152777778 0.7651525787037037 0.2794412375 0.7616640916666667 0.3067287388888889 0.6610524685185185 0.3070707513888889
2 0.3257109092592593 0.06107840416666666 0.2505162296296296 0.06848367638888889 0.2505006833333333 0.06812062916666667 0.1405533240740741 0.08331064583333334 0.14626322037037037 0.33053229166666664 0.15765849074074076 0.6120955013888889 0.24946303333333333 0.6161968777777778 0.3348497518518519 0.6211469861111111 0.32962415 0.38115952500000005 0.32057431666666664 0.3805537402777778 0.3207972101851852 0.37460302361111114 0.32973691851851855 0.3743597152777778 0.326393962037037 0.2023026486111111 0.3257109092592593 0.06107840416666666
2 0.20621711574074073 0.3231856472222222 0.3106689888888889 0.3173501527777778 0.3040677 0.1385162027777778 0.2537061 0.14297513472222223 0.2060399064814815 0.14802125 0.20706839444444444 0.2969196333333333 0.20176226296296296 0.2993826930555556 0.20621711574074073 0.3231856472222222
2 0 0.5130912819444444 0.004316951851851852 0.6985232722222222 0.04738495185185185 0.6740239861111111 0.047456043518518516 0.6742708055555556 0.15764532685185187 0.6122392402777778 0.14621456944444444 0.3302898513888889 0.14312668518518518 0.19315082777777778 0.14049098518518519 0.08347187916666667 0.040292848148148146 0.023775219444444447 0 0.025885804166666665 0 0.5130912819444444
2 0.9214495453703704 0 0.9011520722222223 0.7566239430555555 0.9201635388888889 0.7570473555555556 0.9440349416666667 0 0.9214495453703704 0
2 0.8355150990740741 0 0.8169499481481481 0.028915994444444443 0.8086057611111112 0.6328509541666667 0.8963298527777778 0.7543671263888888 0.9010174888888889 0.7566392208333335 0.9214283296296296 0 0.8355150990740741 0
0 0.49418164351851857 0 0.040292848148148146 0.023775219444444447 0.1405087351851852 0.08339985138888889 0.25054293518518517 0.06826269444444445 0.3257924305555555 0.06095967222222222 0.3257306527777778 0.04639154166666667 0.32987098425925926 0.04154773888888889 0.6035803583333333 0.0193562875 0.6092536222222222 0.02753590694444444 0.609266237962963 0.03795940694444445 0.816980787037037 0.028929577777777778 0.8355305296296296 0 0.49418164351851857 0