2 0.7484489398148148 0.5361855388888889 0.7588715305555555 0.30359263611111115 0.7603003481481482 0.2466945597222222 0.625545949074074 0.2318875416666667 0.6144880537037037 0.4212077805555556 0.6252006555555556 0.23117872499999997 0.45427142962962963 0.21324992222222222 0.44469430462962967 0.42680453055555556 0.4932935027777778 0.43122951111111113 0.48544926574074077 0.5508019902777778 0.3868384916666667 0.5397860861111111 0.39157715277777777 0.42190565972222216 0.4442866055555556 0.4274343666666667 0.453957337962963 0.2118717777777778 0.2791695435185185 0.19555604444444444 0.2705284953703704 0.38903086249999996 0.31228835833333335 0.3940836638888889 0.30554860277777773 0.5386581638888889 0.2230647564814815 0.5306790138888888 0.22989811944444447 0.3840965347222222 0.2704972925925926 0.3897001888888889 0.2784165509259259 0.19547706388888889 0.12562154166666667 0.1781051638888889 0.09479356296296297 0.8570258430555556 0.10522016296296297 0.8573369194444445 0.11433969444444445 0.8580140111111111 0.11497956111111111 0.8629889805555556 0.1270661037037037 0.8686479777777778 0.12780263055555555 0.8746663166666666 0.133515175 0.8799150527777778 0.1336006435185185 0.8843152541666667 0.13023909537037037 0.8847375847222223 0.13075992314814816 0.8953828444444445 0.1278840472222222 0.9103213694444444 0.13535485925925925 0.9121382166666666 0.1359052925925926 0.8972140833333333 0.1367784787037037 0.8722497902777778 0.13865261296296297 0.8507484930555556 0.1403102574074074 0.8307743361111111 0.15290731851851852 0.8067814541666667 0.15284502314814813 0.7987673708333334 0.15871176296296297 0.7944748819444445 0.17893057314814817 0.7971122527777779 0.17795200555555554 0.7869355972222222 0.17890264166666667 0.7821274555555555 0.17409280092592594 0.7730987847222223 0.17620016759259258 0.7684119736111111 0.19240716574074074 0.7729533180555556 0.19514162314814815 0.7703987472222222 0.22283045462962964 0.7717531861111111 0.22198607962962963 0.7680483069444445 0.22493782037037038 0.767066375 0.22689099166666665 0.7719207888888888 0.2456878564814815 0.7738923972222223 0.24851817962962963 0.7692814166666666 0.2515913398148148 0.7719285333333333 0.250134237037037 0.7751337027777778 0.26038902592592594 0.7795673347222223 0.2723429611111111 0.7849541138888889 0.2712245601851852 0.7933609708333335 0.2717438027777778 0.7978066708333333 0.267033 0.7991207097222222 0.2679748259259259 0.8069687402777777 0.2792777037037037 0.8107373819444444 0.2841570638888889 0.8089244055555556 0.28320404814814815 0.8044332083333333 0.2843951425925926 0.7975838236111111 0.2848145537037037 0.7885870347222221 0.2846444092592592 0.7828864111111111 0.2868604175925926 0.7789859194444445 0.29023395 0.7783065375 0.29651128981481484 0.7776734291666666 0.30171736851851855 0.7813191916666666 0.30215669444444443 0.80306315 0.30183235555555554 0.8069037499999999 0.30060451944444444 0.8114245083333333 0.30844918981481484 0.8145721097222223 0.31188342962962967 0.8157072513888889 0.32390767962962963 0.8133521652777778 0.3366436935185185 0.8144297402777778 0.37008551111111115 0.8182000722222222 0.4245859703703704 0.8250768722222221 0.4272352425925926 0.8149126513888889 0.4308760472222222 0.8021452208333334 0.4337597462962963 0.7916188444444444 0.4374914444444445 0.7815681597222222 0.4420532018518519 0.7723780305555555 0.44780622129629627 0.7656333194444445 0.45451607685185186 0.7616961833333333 0.4625977972222222 0.7609968986111112 0.4710227805555556 0.7622673416666667 0.4741791638888889 0.7598912027777778 0.49380755648148145 0.7634970069444444 0.49687304537037036 0.7584041222222222 0.4994063564814815 0.7180616652777778 0.49483985 0.7086875583333333 0.4893906481481482 0.7042485444444444 0.4831831537037037 0.6974095263888889 0.4788331324074074 0.688058126388889 0.47387072592592594 0.6825099388888889 0.4692707111111111 0.6831876763888889 0.4672673314814815 0.6794968402777778 0.4696474814814815 0.6751055597222222 0.4646683212962963 0.6745832944444444 0.4631696787037037 0.6693984222222222 0.46585720833333333 0.6677465958333334 0.4647735953703704 0.662992 0.46645046481481484 0.6596871861111111 0.4711593157407407 0.6613413333333333 0.4694836333333333 0.6692872055555555 0.478343962962963 0.6798851805555556 0.4812467907407407 0.6736150013888889 0.47953166296296296 0.6684074222222223 0.48277775370370374 0.6641069708333334 0.48698543148148143 0.6811783305555555 0.4853085611111111 0.6844831444444444 0.48247512407407406 0.6799317555555555 0.4814477092592593 0.6833046902777777 0.4827298666666667 0.6884668555555555 0.48812524444444444 0.6940604569444444 0.4960287370370371 0.7018508583333334 0.5026333185185184 0.7095050166666667 0.5019444175925926 0.6962834416666667 0.5005522361111111 0.6841483347222221 0.49705021388888887 0.6752726263888889 0.4932814453703704 0.6814519763888889 0.49172897777777785 0.6774216930555556 0.49289992407407407 0.6709698555555555 0.49535183981481484 0.665039125 0.49118360833333335 0.6611212166666667 0.4860956111111111 0.6582670680555556 0.4864735694444444 0.6548260111111112 0.48867311759259263 0.6496422986111111 0.48259240185185187 0.6447503013888889 0.47440184537037033 0.6431177027777777 0.4748156861111111 0.6389069208333333 0.4781885555555555 0.6365534888888889 0.48186880462962967 0.6369395111111111 0.4861996972222222 0.6420347152777778 0.49172066574074075 0.6449342777777778 0.49096237314814817 0.6425342736111112 0.48966108703703703 0.6331159111111111 0.48929869444444446 0.6268899861111111 0.48430040462962964 0.622111525 0.4781479231481482 0.6187589777777778 0.47015591018518516 0.61753395 0.46423785462962963 0.6138192458333334 0.46463375462962964 0.6099933277777778 0.467898975 0.6099490722222223 0.47443060277777777 0.6145016222222223 0.4715612824074074 0.6107199583333334 0.466310625 0.6066885138888889 0.46739186388888887 0.6021609902777777 0.4704047157407408 0.6028637527777777 0.47318432870370375 0.6085697319444444 0.47727960648148154 0.6093860305555556 0.4812828027777778 0.6028445250000001 0.4847645083333333 0.6028229763888888 0.4894554175925926 0.6048619861111111 0.4894745472222222 0.6091181833333333 0.49496200648148153 0.6220695902777778 0.5001612148148149 0.6365377402777778 0.5000691324074074 0.6291799347222222 0.5008406166666667 0.6126308388888889 0.49960872129629624 0.5923909083333333 0.4984700953703704 0.5841498430555556 0.49540341851851855 0.5846016666666667 0.4935973953703704 0.5766773416666667 0.4968255453703704 0.5727617527777777 0.4970587851851852 0.5677585375 0.5004651620370371 0.5553532625000001 0.5023214472222222 0.5481998222222222 0.5054419481481481 0.5465934097222223 0.5069047074074075 0.5525480069444444 0.5052637203703704 0.5550830958333334 0.501657612037037 0.5624397416666667 0.5011731925925926 0.5728310333333333 0.5027089055555556 0.5818872388888889 0.5039348638888889 0.578921875 0.5033009740740741 0.5691867708333334 0.5052852240740741 0.5686214111111111 0.5086772222222222 0.5705241763888889 0.5084080999999999 0.5762971166666666 0.5066785935185185 0.5853975777777778 0.5029277657407407 0.5911920652777778 0.5036896203703704 0.6075152472222223 0.5052576537037037 0.6018785513888889 0.5070242314814816 0.5966494236111111 0.5096220546296297 0.5969219097222223 0.5104533 0.6024235236111111 0.5078207814814816 0.6075618222222222 0.5040878953703704 0.6129714472222223 0.5044694166666667 0.6234535680555555 0.5045626861111111 0.6354524319444445 0.5026884601851852 0.6429907361111111 0.5048233666666667 0.6671928291666667 0.5062466814814814 0.6599939736111111 0.5091495092592593 0.6537237944444444 0.5103754675925926 0.6507584291666666 0.5110237361111111 0.6461854916666667 0.5092368416666666 0.6425173638888889 0.5066569601851852 0.6418600138888889 0.5068531287037037 0.6329854652777778 0.5077537657407407 0.6276655097222222 0.5102068694444445 0.6263758375 0.5125343824074075 0.6277802041666667 0.513185025925926 0.6324893861111112 0.5117605240740741 0.6350471819444444 0.5118873018518519 0.636994201388889 0.5147207388888889 0.6415455930555556 0.517768287037037 0.6368375694444445 0.5209784953703704 0.6333068444444444 0.523325137037037 0.6389674083333333 0.5208720333333333 0.6402570805555555 0.5183651055555555 0.6427013388888889 0.5157684703703703 0.6470699125 0.5175733055555555 0.6503531791666667 0.518800450925926 0.6520288722222222 0.521794174074074 0.6484754388888889 0.5232366175925927 0.6455327805555555 0.525706475 0.6392171875 0.527635713888889 0.6351653555555555 0.5291858055555555 0.6299135208333333 0.5316209675925927 0.6290087125 0.5322895527777778 0.6333330291666667 0.5307215194444445 0.6389697277777777 0.526664499074074 0.6466658208333333 0.5260162305555556 0.6512387597222222 0.5243573018518518 0.6541587097222222 0.5206064740740741 0.6599531972222222 0.5205897203703703 0.6649791194444444 0.5186066574074074 0.6701855388888889 0.5185181370370371 0.6767509125 0.5172036592592593 0.68628165 0.5161056666666667 0.6958350944444445 0.5147038564814815 0.7165722652777778 0.5181114203703704 0.70880805 0.5178207944444444 0.7010426763888888 0.519769162037037 0.7012470402777778 0.5212283592592593 0.6932784597222222 0.5208480259259259 0.6874373986111111 0.5211709722222222 0.6805098708333334 0.523443474074074 0.6784277652777777 0.5234937361111112 0.66335 0.5254588574074075 0.6585284416666666 0.5282731657407408 0.6588236347222223 0.5290864694444444 0.6647101111111111 0.5272648796296296 0.6664527680555555 0.5263666185185185 0.6810548430555555 0.5280267342592593 0.6827759513888889 0.531959351851852 0.6824149541666666 0.5336721046296296 0.6783404152777778 0.5357101796296296 0.6766204666666666 0.540274312037037 0.6767124555555556 0.5403652064814815 0.6794292000000001 0.5378044537037037 0.6830280486111111 0.5347377777777778 0.6834798736111111 0.5304810259259258 0.6861273388888889 0.5303374935185186 0.6892062388888889 0.5371585601851853 0.6968831041666667 0.5376465435185186 0.7004149902777778 0.5264813925925926 0.7065920222222223 0.5228011425925926 0.706206 0.5217916703703703 0.7091940722222222 0.5226599861111112 0.7185670194444445 0.5268461592592593 0.7221000652777778 0.5260949925925926 0.7475464152777778 0.5344302685185186 0.7507411722222221 0.5417381296296296 0.7573088638888889 0.5478356000000001 0.757174938888889 0.5547822574074074 0.7621577666666667 0.5476526222222222 0.7471003888888889 0.5401450296296296 0.7354840666666667 0.5313576546296296 0.7279877 0.5317714953703704 0.7237769180555556 0.5377433759259259 0.7263370319444444 0.5472352185185185 0.7373879916666667 0.5349960833333333 0.7059381513888888 0.5366191287037038 0.703787925 0.5499406907407407 0.7353513027777778 0.5587316287037037 0.7567708472222222 0.5621606972222223 0.7625449472222223 0.5623759953703704 0.7579265958333333 0.5604802648148147 0.7519265833333334 0.5597387268518519 0.7445006569444444 0.5571935407407407 0.7384325222222222 0.5548289564814815 0.7331568222222222 0.5552786814814814 0.7281763138888888 0.5573897092592593 0.729557975 0.5595198666666668 0.7351958305555556 0.5641413851851852 0.7480564083333333 0.5647502074074073 0.7303300194444445 0.5644045694444444 0.7190781722222221 0.5655946444444444 0.7168825319444445 0.5689698888888889 0.7238112208333334 0.5697293685185185 0.7308522847222223 0.5726704546296296 0.7330944972222222 0.5751618166666667 0.7403172194444445 0.5769654648148148 0.7389594263888889 0.5781902351851852 0.7313530013888889 0.5786567138888888 0.7213465722222223 0.5811612666666667 0.7096201930555556 0.5832567287037037 0.7206688347222223 0.5836920740740741 0.7299963680555556 0.5834050101851852 0.7361541708333335 0.5807007259259259 0.7428319194444444 0.5815690416666667 0.7522048666666666 0.5857516527777779 0.7418147333333334 0.5915393675925926 0.7296592388888888 0.595650212037037 0.7208085569444445 0.5987874666666667 0.7141762222222222 0.6034760018518519 0.7069331111111111 0.6074983268518519 0.7046478027777778 0.6085998824074074 0.7090175347222222 0.6062376731481481 0.7130239527777777 0.6018732722222222 0.7179805944444444 0.5994213564814814 0.7239113236111111 0.5952208037037038 0.7346863194444444 0.5858987462962963 0.7526590111111111 0.5869452898148148 0.7535422722222223 0.5901734398148147 0.7496266833333334 0.5934566018518519 0.7491975652777777 0.5966141731481481 0.7514624861111111 0.6028719287037037 0.7432237388888888 0.6078857851851852 0.7383352208333334 0.6133505537037037 0.7331072527777778 0.6188523925925926 0.7317506180555556 0.6245168916666667 0.7315712791666666 0.6263037861111111 0.7352394083333333 0.624897225 0.7374123416666666 0.6218664314814815 0.7370944402777777 0.617753212037037 0.7366630041666667 0.6146147694444445 0.7386542805555556 0.6080316916666666 0.7445384375 0.6001508907407407 0.7549274111111111 0.6034890638888889 0.7579847638888888 0.6059624842592592 0.7655923486111111 0.6138636027777779 0.7641006305555555 0.6213676333333333 0.7617937736111112 0.6292866925925926 0.7599171930555556 0.6362680453703704 0.7594892361111112 0.6422219833333334 0.7624342125 0.6417543175925926 0.7677995833333333 0.6382905527777778 0.7674362680555556 0.6322469074074074 0.7664156041666668 0.6270333203703703 0.7662554944444444 0.6208461425925925 0.7683137319444444 0.6144783629629629 0.7695795375 0.6093736111111111 0.7717513097222222 0.6107095935185185 0.7757588874999999 0.6094700416666667 0.78060555 0.6086892916666667 0.7973534208333334 0.5978537666666667 0.8451761916666666 0.6064889953703704 0.8445519638888889 0.6129855101851852 0.8528832777777778 0.6142724972222222 0.8621981416666666 0.6249423231481482 0.8640822902777777 0.6515671787037037 0.8837047402777778 0.6482359444444444 0.9736240569444444 0.7163572351851851 0.9800043236111111 0.740865537962963 0.5373512694444444 0.7484489398148148 0.5361855388888889
2 0.5980968018518518 0.9039323972222222 0.5951677509259259 0.9667634666666667 0.6380334444444444 0.9703661194444444 0.6402922351851852 0.9071440875 0.5980968018518518 0.9039323972222222
2 0.4952223564814815 0.8935466083333333 0.4925286944444444 0.9171432972222222 0.48839687407407406 0.9276376916666667 0.4794310648148148 0.9343871875 0.4813811453703703 0.9560425625 0.49305124537037043 0.9558315027777777 0.5088640814814815 0.9574901152777777 0.5200656092592593 0.9613143819444444 0.5871820212962963 0.9671400402777778 0.5904502814814815 0.9019161541666667 0.4952223564814815 0.8935466083333333
2 0.38407306296296295 0.9233107222222222 0.38475162962962967 0.9175503555555555 0.3938276101851852 0.9075681986111112 0.4063391925925926 0.9030490013888889 0.4068473898148148 0.8846816708333334 0.16256424537037037 0.8554161638888889 0.1597691111111111 0.9251417361111111 0.19531936666666666 0.9292753430555556 0.1999861064814815 0.9229543111111111 0.2098803962962963 0.9218052958333333 0.22467110648148148 0.9211698680555556 0.22704496944444444 0.8966348152777779 0.22452464907407407 0.8803337208333334 0.24135329722222224 0.8711647402777778 0.2772603796296296 0.8749310430555555 0.30745954722222224 0.8953361958333333 0.3140839527777778 0.916234426388889 0.30640236666666665 0.9247375555555556 0.31414400833333334 0.9295969055555555 0.3143730490740741 0.9393345138888888 0.39347806296296295 0.9468223888888889 0.39528676944444446 0.9324417291666666 0.38407306296296295 0.9233107222222222
2 0.14457119537037036 0.9239523555555554 0.15244426851851853 0.9259923625 0.15627705277777776 0.8535425013888889 0.14834765 0.8527107847222223 0.14457119537037036 0.9239523555555554
0 0.0688775074074074 0 0.12608623703703703 0.17662334583333333 0.28312190833333334 0.19441039166666665 0.28451608240740744 0.16714953194444443 0.2795272092592593 0.16430760833333333 0.27847359444444447 0.15834951666666666 0.27894637962962965 0.15324766944444446 0.29101333888888886 0.15479183194444446 0.291053375 0.15897287222222223 0.2905935083333333 0.16379761805555557 0.288561175 0.1653944111111111 0.2847363435185185 0.16680318749999998 0.2836128351851852 0.19446188611111112 0.4558564046296297 0.21143226666666667 0.4579971425925926 0.18403045694444442 0.45544518518518523 0.1823419986111111 0.4541392444444445 0.18011659722222223 0.45473560370370375 0.17572385277777777 0.4557224916666667 0.17471354305555556 0.4590995185185185 0.17451084861111113 0.4610930990740741 0.17374535833333335 0.4632037944444445 0.17382752222222222 0.46547724537037033 0.17545826527777778 0.4654393472222222 0.17963113194444447 0.4642647231481481 0.18298862638888888 0.4615438953703703 0.18423474583333332 0.4580889324074074 0.18442926666666667 0.4562144287037037 0.2116890763888889 0.646029662037037 0.23269512222222224 0.6469634240740741 0.2047282 0.6425668064814816 0.20363996250000002 0.6399945342592593 0.20169941944444444 0.6403700074074073 0.19700505000000001 0.642038075 0.1931424013888889 0.6443046407407408 0.19324091388888887 0.6481105222222223 0.19391856944444447 0.6527801444444444 0.19454759444444442 0.6548460555555555 0.19727039305555555 0.6546135342592593 0.20225821388888887 0.6530488083333333 0.20390405416666668 0.6470418055555556 0.20508394305555555 0.6464080287037037 0.2325155527777778 0.760170712037037 0.24521050972222222 0.9103370240740741 0.15041726249999998 0.9424583231481481 0.15250290972222222 1 0.11794396527777778 1 0.05122415972222222 0.566116237962963 0.005713997222222223 0.5686303805555556 0.008901495833333333 0.5691767777777778 0.012300280555555555 0.5681778277777778 0.01692925277777778 0.5654638861111111 0.019707604166666667 0.5628020435185185 0.02304833194444444 0.5588532101851852 0.022077226388888888 0.5548324731481481 0.01928861388888889 0.5518830175925925 0.015359315277777778 0.5517779648148148 0.01089299861111111 0.5525043583333333 0.007070805555555556 0.5544260342592593 0.004487809722222222 0.5116402527777778 0 0.4487997703703704 0 0.4467039064814815 0.005301651388888889 0.4437630472222222 0.009587709722222223 0.4369500074074074 0.007898491666666667 0.4331889101851852 0.004580201388888889 0.43085001481481483 0.0009934013888888888 0.430951425 0 0.3200031814814815 0 0.31730216203703704 0.0007784972222222221 0.3164256425925926 0 0.0688775074074074 0
2 0.0228711462962963 0 0 0.49060893333333333 0 0.9465552194444444 0.03529281481481481 0.9488774708333333 0.03782128888888889 0.9216531666666666 0.048423574999999996 0.9095183027777777 0.04862341203703704 0.9019695847222222 0.044916252777777776 0.9032028125 0.045973069444444445 0.8935812180555556 0.04400019351851852 0.8808799416666667 0.05135158333333333 0.8695439111111111 0.0793793537037037 0.848963673611111 0.09460764722222223 0.85497805 0.12597734537037036 0.17317806111111111 0.07027517592592591 0 0.0228711462962963 0
2 0.05094590833333333 0.9505706166666666 0.05596509814814815 0.9532537513888889 0.07081161481481482 0.9526543347222222 0.08385986111111111 0.9362782180555556 0.05189575185185185 0.9301955347222222 0.05094590833333333 0.9505706166666666
2 0.03872871944444444 0.9482328694444444 0.04772118240740741 0.9491760902777778 0.05154852222222222 0.9297748972222222 0.03988303148148148 0.9311295986111111 0.03872871944444444 0.9482328694444444
2 0.8713450185185185 1 0.9097209185185186 0.14960294999999998 0.7605582490740741 0.24542702083333334 0.7497073111111111 0.5322964680555556 0.8152016046296297 0.5359532236111111 0.7994583222222222 0.8995077694444444 0.8282871805555556 0.9143124708333333 0.8287905981481481 0.9293590624999999 0.843628987037037 0.9341284194444444 0.8412342842592592 0.9467290569444444 0.8481119416666667 0.9503620416666667 0.8469841101851852 0.9611587555555556 0.8427366972222222 0.9668487152777778 0.8384075037037036 0.9970719916666667 0.837923699074074 1 0.8713450185185185 1
2 0.9049578620370371 1 0.9420029638888889 0.15338784027777777 0.9096980185185185 0.14988233888888888 0.8713445722222223 1 0.9049578620370371 1