2 0.4080585101851852 1 0.3951552194444444 0.9173544499999999 0.41910398240740737 0.8910950722222222 0.4293935898148148 0.8864603541666666 0.42958268518518516 0.8769517791666666 0.43501602500000003 0.8670548749999999 0.44359232962962963 0.8654203819444444 0.4273851962962963 0.8211464999999999 0.4246774824074074 0.8048564305555556 0.4228956861111111 0.8004062694444444 0.4237474324074074 0.7961115888888889 0.4184688175925926 0.7953024569444443 0.41205124259259257 0.7957145125 0.4057197888888889 0.7952991319444445 0.40060394259259263 0.7968148041666666 0.3947702712962963 0.799394163888889 0.39140118888888886 0.800654175 0.3903195037037037 0.7954921305555556 0.39584206111111114 0.7910410569444445 0.40276689444444447 0.7896440652777778 0.41078288888888886 0.7894294402777777 0.41843997037037034 0.7897466597222222 0.42639374166666666 0.7891576930555555 0.4279488898148148 0.7810214263888888 0.43088241388888887 0.7771410208333333 0.42191865462962963 0.7689626083333334 0.4147544064814815 0.7648825541666666 0.41143312314814817 0.7637390069444444 0.40743233796296296 0.7652352694444444 0.4044843907407407 0.7663377777777778 0.4028476490740741 0.7645642263888888 0.4041827537037037 0.7604863888888889 0.40978195740740736 0.7591875583333334 0.41535726203703704 0.7590905055555556 0.42134422685185186 0.7628156277777778 0.4268478324074074 0.7663239083333333 0.4339642814814815 0.7728075180555556 0.4368116824074074 0.7697545472222221 0.4400946435185185 0.7693219736111112 0.4437270398148148 0.7723372319444445 0.4446554324074074 0.7711947944444445 0.43339438148148146 0.7559232861111111 0.42801027314814816 0.746406113888889 0.4249090333333333 0.7412041402777777 0.42003712962962964 0.7374596083333333 0.4172470037037037 0.7341293458333333 0.41782596018518514 0.729539075 0.42205173611111113 0.7307419611111112 0.4275075435185185 0.7366537999999999 0.4313649314814815 0.7423682055555555 0.43643792685185184 0.7500136652777779 0.4435449 0.7604769513888889 0.44886678611111114 0.7696197819444445 0.44863684629629624 0.7601630583333333 0.44520059351851854 0.7542911499999999 0.44420503055555555 0.7483016708333333 0.44355395555555555 0.7390024472222223 0.44433853148148145 0.7275758499999999 0.4481625444444445 0.7384717138888888 0.4497803351851852 0.7482046180555555 0.4518670601851852 0.7553764638888888 0.4538004916666667 0.7562438291666667 0.45541786296296294 0.7484819069444444 0.4580546962962963 0.7455076861111111 0.45798752592592595 0.7383757680555555 0.4605093898148148 0.7306731847222222 0.46193556388888884 0.7325254875 0.46289775185185184 0.7436964222222222 0.4655494287037037 0.7609949263888889 0.46861192592592593 0.7471259513888889 0.4700570518518518 0.7410189013888888 0.4719760601851852 0.7391083666666666 0.4729955231481482 0.7438960680555556 0.4712776064814815 0.7497075277777777 0.46947356759259257 0.7563464236111112 0.4696029611111111 0.7638526847222222 0.46843062592592594 0.7702553277777778 0.4691772981481481 0.7747474375000001 0.4718858296296296 0.7681678819444444 0.4780635703703704 0.7447839527777779 0.4875287990740741 0.7102301958333334 0.4893761092592593 0.7119249972222222 0.48096371851851855 0.746085 0.48903203981481475 0.7327295666666667 0.49461682037037036 0.7286528375 0.49551183796296294 0.7326918541666667 0.4877257833333333 0.7423632013888888 0.48167701574074073 0.7557585652777777 0.47639882037037035 0.7724442597222222 0.48266310370370374 0.7657277208333333 0.48868344259259255 0.7642713888888889 0.49511997037037037 0.7558999805555555 0.5029587722222222 0.7505826499999999 0.49927320833333333 0.7257185458333333 0.5029867796296297 0.7211487930555556 0.5027568407407408 0.7116920694444444 0.501416787962963 0.7090123333333334 0.49783713796296303 0.7103510930555555 0.4861265240740741 0.7071761166666667 0.4861982231481481 0.7035707819444444 0.4920269462962963 0.6942338472222223 0.4915291648148148 0.6912391069444445 0.4870305981481482 0.6897406291666667 0.4839582055555555 0.6900944527777777 0.48101973425925926 0.6872172847222222 0.48079474259259264 0.6845181375 0.4852788861111111 0.6832387166666667 0.48748510833333336 0.6844016736111111 0.4896435314814815 0.6879681861111111 0.49355819537037043 0.6872993611111111 0.49499384537037033 0.6851719861111111 0.4924188148148148 0.6710257208333333 0.49042316018518517 0.6697840138888889 0.4905426574074074 0.6637751222222222 0.49328003703703704 0.6627513652777778 0.4957734731481481 0.6669878138888888 0.49756845648148146 0.6818234222222223 0.5000474694444444 0.6832819708333333 0.5011674777777778 0.6900201361111111 0.5014691157407407 0.695871523611111 0.5038286305555555 0.7033389638888888 0.5057237398148148 0.7026302083333333 0.5063364907407407 0.7103533097222222 0.5105911148148148 0.7171119930555556 0.5068099527777777 0.697055 0.5046226824074074 0.6879326902777778 0.5022248444444445 0.6788891305555556 0.5013776259259259 0.6724465569444444 0.4988219666666666 0.6678357666666667 0.49822363888888893 0.6628905638888889 0.4938589935185185 0.6581610944444445 0.4918872379629629 0.6557176097222222 0.49071942962962967 0.651383 0.48583310277777775 0.6448605680555555 0.4836363564814815 0.6397179347222222 0.4837941777777778 0.6352851652777778 0.48629708981481484 0.6355419361111111 0.48843161388888884 0.6403102263888889 0.49080060462962966 0.6437979902777778 0.49396406666666665 0.6493743055555556 0.49572525462962963 0.6518965416666667 0.49908486111111117 0.6546162083333333 0.5000993759259259 0.6526463347222222 0.5014967037037037 0.6489428388888888 0.49843378703703706 0.6453169861111111 0.49568198333333335 0.6435628458333333 0.49311684907407405 0.6429317333333333 0.49477254259259257 0.6367459305555555 0.4983427166666667 0.6393868458333333 0.5018889916666667 0.6432295416666667 0.5041524888888889 0.6380092652777778 0.5040519425925926 0.6360588013888889 0.5023529777777778 0.6339109083333334 0.502448575925926 0.6291037958333333 0.5045781518518518 0.6271145111111112 0.507143287037037 0.627745625 0.5086461074074075 0.6327501680555556 0.5098666629629629 0.6414387958333333 0.5074020731481481 0.6427581458333333 0.5060669694444444 0.6468359833333334 0.5072347768518519 0.6511705916666667 0.5087853962962964 0.6537715777777777 0.5123699944444444 0.6591903930555555 0.5146050638888888 0.6659091472222223 0.5139057712962963 0.6415186541666666 0.5111873435185185 0.6345830583333334 0.5098901425925927 0.6227421888888889 0.5090524000000001 0.6123199402777778 0.5047499768518519 0.6079648138888889 0.5015626148148148 0.603590275 0.5017443351851851 0.5979557263888888 0.5042711462962963 0.5970107194444444 0.506616237962963 0.6017002597222222 0.5088129842592592 0.6068428930555555 0.5076736046296296 0.5905692555555555 0.5033089583333333 0.5858397847222222 0.5005522074074074 0.5773280694444445 0.4996188666666667 0.5717129319444444 0.5027390583333333 0.5689555513888889 0.504758612962963 0.5689954805555555 0.5052613425925926 0.5787477972222222 0.5068119620370369 0.5813487833333333 0.507275949074074 0.57203015 0.5055959351851851 0.5619229027777778 0.5011929666666667 0.5556173138888889 0.4992834342592592 0.5535481694444445 0.5000346351851852 0.5473030277777777 0.5032936953703704 0.5480722305555555 0.5059499 0.5546334833333334 0.5107406296296296 0.5659630291666666 0.5115495240740741 0.5708294805555556 0.5151819212962963 0.5738447402777778 0.5143206990740741 0.5821190944444444 0.5112483064814816 0.5824729194444445 0.5110810101851851 0.5908853652777778 0.5122109138888888 0.6111386805555555 0.5148864907407408 0.6272354083333334 0.5156475870370371 0.6345054166666667 0.5190928962962963 0.6189028208333334 0.5229976638888889 0.6047188444444445 0.5225237814814815 0.600522325 0.5269073787037037 0.5972924416666667 0.5303386842592592 0.596406775 0.5350383425925926 0.6018061791666667 0.5389769055555556 0.599935575 0.5410537342592593 0.5935922708333333 0.5439394583333333 0.5921154194444445 0.5455284018518518 0.5962925277777777 0.5408242148148148 0.601630375 0.5384362722222222 0.6061019666666667 0.5443416425925925 0.5999172722222222 0.5475623796296297 0.5991103555555556 0.5483951740740741 0.6027750291666667 0.542997062037037 0.6079747875 0.5352682814814814 0.6112629013888888 0.5295973787037036 0.6161670680555555 0.5252282055555555 0.6221748486111112 0.5255920657407407 0.6284005819444445 0.5254008694444445 0.6380148069444445 0.5249319351851851 0.6405758625 0.5300333574074074 0.6362822930555555 0.5337086055555555 0.6301364194444444 0.5372882555555555 0.6287976583333333 0.5408823296296297 0.6302367972222223 0.5417773472222223 0.6342758138888889 0.5339002222222222 0.6380170222222222 0.5284782092592593 0.6444185569444444 0.5312444361111112 0.6489505972222223 0.5320150083333333 0.6522409277777778 0.5273347212962962 0.6563769986111111 0.5236833731481482 0.6613210930555555 0.526784612037037 0.6665230666666667 0.5286846694444444 0.6725718875 0.5276223546296296 0.6769453152777778 0.523195487037037 0.6718415041666667 0.5207741685185185 0.68149455 0.520807963888889 0.6938079222222222 0.5216601296296296 0.7070080708333334 0.5272782861111112 0.6977498861111111 0.5341598481481482 0.6880191986111112 0.5388257120370371 0.6811052305555555 0.5394907898148148 0.6756875236111112 0.5380885148148148 0.6726334430555556 0.5358250175925926 0.6778537194444445 0.5337910398148148 0.6750358902777778 0.5359585194444444 0.6571279 0.5396531388888889 0.6605175013888889 0.538566925 0.6660927083333333 0.5421515231481482 0.6715115236111111 0.5496503638888889 0.6587666847222222 0.5470802814814816 0.6513779972222222 0.5515261009259259 0.6485224555555555 0.5535600796296296 0.6513402833333334 0.5530433462962964 0.6563048972222223 0.5558812712962963 0.6572316013888889 0.555005625 0.6627280597222222 0.5501625694444444 0.6645393236111111 0.5530149185185186 0.6682439277777777 0.5514692462962962 0.6724005152777778 0.5468606574074074 0.6729312513888889 0.5426159296296297 0.6796877194444444 0.539414562962963 0.6900301097222222 0.5340930972222223 0.6983821069444445 0.5292405657407407 0.7041730486111111 0.5258286314814814 0.7145941902777778 0.5329937194444444 0.7536638986111112 0.5366022166666666 0.7578809361111111 0.5555149814814815 0.7492172597222222 0.5588984879629629 0.7507351486111111 0.5670484037037037 0.7472895319444444 0.5750882972222222 0.7458731291666666 0.5821519990740741 0.7480027208333333 0.5885984222222221 0.7531464625 0.5941547749999999 0.7610087624999999 0.5989933027777778 0.76993475 0.6030517833333333 0.7795500833333334 0.6081153018518519 0.7911752194444445 0.6119009916666667 0.8004949611111111 0.6647773712962963 0.7795267763888889 0.6972746583333334 0.7671030583333334 0.709692437962963 0.762724475 0.7218066490740741 0.7619118 0.7250573055555555 0.7598993791666667 0.7324184138888888 0.7547562777777779 0.7306858842592593 0.7506240166666667 0.7299218638888889 0.7469262458333332 0.7278373166666666 0.7253981944444444 0.7325422490740741 0.7204517791666667 0.7387975148148148 0.7194401972222222 0.7421984444444444 0.7192305458333333 0.7448323287037036 0.7224945708333333 0.7453247046296296 0.7281529083333333 0.7467792611111111 0.7369037708333332 0.7487451824074074 0.74333885 0.7483265703703703 0.7480100513888889 0.7533416814814815 0.7485245458333334 0.7640365648148149 0.7418690722222222 0.7640555518518518 0.7338949513888888 0.7592641972222222 0.7338279097222222 0.7592608916666667 0.7293145013888889 0.7571862583333333 0.7213266763888888 0.7683349842592593 0.7129080652777778 0.7779207185185185 0.7058707013888889 0.7761147046296296 0.7030937611111111 0.7788347305555556 0.6996863861111111 0.7821558472222222 0.7034900958333333 0.8004389018518518 0.6966523791666667 0.8018004268518519 0.6913629680555555 0.8048209972222222 0.6915611347222222 0.804418348148148 0.6954296638888889 0.8315297259259259 0.6868836305555556 0.8345183722222222 0.6886871402777778 0.8499534194444445 0.6799933166666666 0.8525713407407408 0.6840600138888889 0.8488797805555556 0.6942043486111111 0.8503725907407407 0.6986918291666666 0.8505869944444444 0.7089687680555555 0.8701933194444444 0.7011050263888888 0.8764678527777778 0.7038041791666667 0.8773342574074073 0.7117127361111112 0.892517487962963 0.7320599277777778 0.8964622666666667 0.7512988624999999 0.9007970351851853 0.7719853472222221 0.9045469592592592 0.7963429361111111 0.9068167287037038 0.8108969638888889 0.913963713888889 0.8071617791666666 0.909402163888889 0.7931992916666666 0.9086827259259259 0.7825800944444444 0.9053233564814815 0.7830397708333333 0.9048981351851851 0.7786841555555556 0.9099162703703704 0.7720272013888889 0.9099448916666667 0.76590845 0.9211926972222222 0.7571872152777778 0.921246912962963 0.7521211597222223 0.9301495138888889 0.7490789694444444 0.9403816990740741 0.7460567791666667 0.8314265074074073 0.08548026388888888 0.682963862962963 0.14238710833333335 0.713247137962963 0.33159680138888886 0.7525808083333334 0.31550331944444443 0.7762795453703704 0.45807898055555557 0.6959725231481481 0.4874216625 0.6725984268518518 0.34679909444444446 0.713138925 0.3309457708333333 0.6822314537037037 0.1426610236111111 0.5119878768518519 0.20425625694444444 0.5464663888888889 0.41402500694444444 0.5977350342592593 0.39485094444444446 0.6160481851851852 0.5097062111111111 0.5202107916666667 0.5462401319444444 0.4986433638888889 0.4305274333333334 0.5459919712962963 0.4135109347222222 0.5118380990740741 0.20569527499999998 0.34558120833333333 0.2678740236111111 0.3781298601851852 0.452225775 0.34532321666666665 0.2686620097222222 0.21433018055555556 0.31834385972222223 0.22232412222222223 0.3740053597222222 0.2595145925925926 0.6003498583333333 0.26711773703703706 0.5995226124999999 0.33739671851851855 1 0.4080585101851852 1
2 0.4089723388888889 0.9375008902777777 0.4185157398148148 0.9991740847222222 0.46031314444444443 0.9844608402777778 0.45015492592592593 0.9233472527777777 0.4089723388888889 0.9375008902777777
2 0.5556485824074073 0.908859886111111 0.5502641611111111 0.8863233069444445 0.4574518666666667 0.9193699347222223 0.4682211472222222 0.9827516319444445 0.5336435009259259 0.9595325152777778 0.5442321333333333 0.9528486597222222 0.5596127268518519 0.9470964402777778 0.5711299657407408 0.9442645555555557 0.570543475 0.9224302333333333 0.5609325185185186 0.9181186222222222 0.5556485824074073 0.908859886111111
2 0.7976853314814816 0.7981556222222222 0.8153197666666666 0.8028019083333333 0.8147248388888889 0.819511825 0.819902949074074 0.843055811111111 0.8345425157407408 0.8398290152777778 0.8444195055555556 0.8383833847222222 0.8497471037037037 0.8433928305555556 0.8842787416666666 0.8300621666666667 0.8734542601851852 0.7621239375000001 0.6362702601851852 0.8545738194444444 0.6388970388888888 0.8725297388888889 0.6517417092592592 0.8737213583333333 0.6618353944444445 0.8811878236111111 0.6631705037037037 0.8866839291666666 0.6531842129629629 0.8985970750000001 0.656630225 0.9122881430555555 0.7336666194444444 0.8843093624999999 0.7327649009259259 0.8746600319444444 0.7398263861111112 0.8678580236111112 0.7312771305555555 0.8614849166666667 0.7353816037037036 0.8391787027777777 0.7627597666666667 0.8112175041666666 0.7976853314814816 0.7981556222222222
2 0.8871416833333333 0.7557566305555555 0.8794290314814815 0.7586411 0.8915907768518518 0.8289919527777777 0.8991080777777778 0.8249322208333333 0.8871416833333333 0.7557566305555555
0 0.459071812037037 0 0.38903762685185184 0.02619222638888889 0.3912291305555556 0.02823543611111111 0.3923869657407407 0.031810356944444444 0.3928005537037037 0.03623618333333333 0.39035078425925923 0.0408740375 0.3867139564814815 0.04466757638888889 0.3829375351851852 0.04665249027777778 0.37992939166666667 0.04405585138888889 0.37693504351851853 0.04202661666666666 0.37541539444444444 0.03772816666666667 0.37556002962962964 0.03423869583333333 0.37766697407407407 0.03044475972222222 0 0.1716891875 0 0.2654847125 0.024035455555555557 0.2730302944444445 0.05542731388888889 0.262609625 0.21428604537037038 0.3168485888888889 0.32485078055555555 0.2747144736111111 0.3210509990740741 0.24786469305555556 0.31499866574074076 0.24826738750000002 0.3132671805555555 0.24705411805555555 0.3124607740740741 0.24220264027777777 0.3141800935185185 0.23898309444444443 0.31870595462962964 0.23714731805555556 0.3223755675925926 0.23548863055555558 0.3245962935185185 0.2348012375 0.3266861814814815 0.23817071805555554 0.3275993962962963 0.24269596944444444 0.32529085 0.24527703750000002 0.3210870074074074 0.2474939375 0.325244187037037 0.2747927611111111 0.509743925925926 0.20466424027777777 0.5047421555555556 0.17830682499999997 0.501317162962963 0.17901518055555554 0.49849341296296296 0.17849669166666665 0.49694795185185187 0.1754961625 0.4964275555555555 0.17139656388888888 0.49847768425925926 0.1691984236111111 0.5005468018518519 0.16856773055555554 0.502598712037037 0.16880231805555554 0.5059479 0.16812231249999998 0.5070367537037037 0.16886021666666667 0.5081325814814814 0.17303089027777777 0.5071041055555555 0.17556264305555555 0.5047863824074075 0.17789016527777776 0.5100667805555555 0.20431807638888888 0.677728999074074 0.14274084027777778 0.6734206388888889 0.11579498333333334 0.6694908268518518 0.11540387083333334 0.6673045157407408 0.11436070416666667 0.6662930972222222 0.1097290388888889 0.6658485046296296 0.10560109027777778 0.6775533796296297 0.10093727916666667 0.678609599074074 0.10583846944444444 0.6782617324074074 0.11198048194444445 0.6736776472222222 0.11607869444444445 0.6782065074074074 0.14256225694444444 0.8307973287037037 0.08414199861111112 0.8467900416666666 0 0.5031379231481482 0 0.49860978611111106 0.0023900083333333335 0.4962630638888889 0 0.459071812037037 0
2 0.845688787962963 0 0.8305057212962963 0.08072069166666666 0.940327725925926 0.7439916708333333 0.9546284111111111 0.7341021180555556 0.9846128574074073 0.7470692388888889 0.9931648833333333 0.7563182152777779 0.9926923490740741 0.7693404111111112 0.9948469583333335 0.7785405611111111 0.9910533537037037 0.7782916805555555 0.9921240351851852 0.7856736652777777 1 0.7917830208333333 1 0.4127556 0.9313923138888889 0 0.845688787962963 0
2 0.9897601398148148 0.8307090305555556 0.994392462037037 0.8267593000000001 0.9910983185185185 0.8069411680555556 0.9603239796296296 0.8212572069444445 0.9750697833333334 0.8339858277777777 0.9897601398148148 0.8307090305555556
2 1 0.8051765194444443 0.9913915777777778 0.8064364777777778 0.9974067592592593 0.8245460083333334 1 0.8235761569444444 1 0.8051765194444443
2 0.22520280555555555 1 0.22466330925925926 0.993527838888889 0.25134031944444446 0.9714389374999999 0.1937491574074074 0.6175082902777778 0.2578251194444444 0.5968476416666667 0.2139294601851852 0.31716275416666667 0.055939789814814816 0.26164720416666665 0.17750477037037038 1 0.22520280555555555 1
2 0.17750631944444445 1 0.05599468611111111 0.26191638472222223 0.02458634074074074 0.2737831722222222 0.14310268888888888 1 0.17750631944444445 1