2 0.6795463907407407 0.23785959305555554 0.6781821564814815 0.5411661666666666 0.6978759361111111 0.5411661666666666 0.6984130398148147 0.5217717722222223 0.7107664101851852 0.5217717722222223 0.7109454444444445 0.5574324319444445 0.6980549703703703 0.5574324319444445 0.6979332277777778 0.5413888888888889 0.6781399046296296 0.54125 0.6754966416666667 0.851476476388889 0.721329437037037 0.8533533527777777 0.7215084722222223 0.6212462458333333 0.7198971629629629 0.6212462458333333 0.7198971629629629 0.6046671666666666 0.7218665407407407 0.6043543541666666 0.724910125 0.2518143138888889 0.8475486611111112 0.2549424430555556 0.847134087962963 0.23870783333333334 0.8455801564814815 0.18313008194444444 0.5268680444444444 0.1775 0.5240858509259259 0.17847222222222223 0.5213831481481481 0.17930555555555555 0.5210651824074074 0.20444444444444443 0.5246422888888889 0.2072222222222222 0.5247217805555555 0.22166666666666665 0.5220985694444444 0.22180555555555553 0.521701112962963 0.22458333333333333 0.5186804453703704 0.225 0.5149443564814815 0.2222222222222222 0.5143084259259258 0.21263888888888888 0.5158982509259259 0.20833333333333334 0.5180445148148148 0.2061111111111111 0.5179650240740741 0.1786111111111111 0.1560444361111111 0.16826374583333334 0.1535114537037037 0.860323886111111 0.2767272287037037 0.8569692208333333 0.27672582314814814 0.8571097194444445 0.3312466046296296 0.8572319208333334 0.3309932824074074 0.23225125416666664 0.6795463907407407 0.23785959305555554
0 0.518044087962963 0.07975551527777779 0.518044087962963 0.07279864861111111 0.5186128990740742 0.07180480972222222 0.5187551018518518 0.012174518055555555 0.510333862962963 0.009722222222222222 0.49936407037037034 0.005 0.4914149444444445 0.0002777777777777778 0.4595201740740741 0 0.435796475 0.032217506944444446 0.4091414944444445 0.06194444444444445 0.45097514537037037 0.08132956111111111 0.45142488425925925 0.07563256388888889 0.47447397499999994 0.07602545972222223 0.47447397499999994 0.08034732083333333 0.4768351009259259 0.08054376805555555 0.4772848398148148 0.07622190833333332 0.5014582768518518 0.0772041486111111 0.5016099361111112 0.09191448472222222 0.4769475361111111 0.09283917777777777 0.4769475361111111 0.08266755416666667 0.4741955083333334 0.08248261527777778 0.4740896611111111 0.09339399305555555 0.4503974564814815 0.09291666666666668 0.4509538953703704 0.08138888888888889 0.40890302037037035 0.06222222222222222 0.3918251037037037 0.06223686666666667 0.3810865814814815 0.05949112222222222 0.37506253240740745 0.05377082222222222 0.3783364722222222 0.044618341666666665 0.3916941462962963 0.0171609 0.40177787962962963 0.0002288125 0.05325914166666666 0 0.15873332314814814 0.12452107222222221 0.5176369916666667 0.13339196666666667 0.5186128990740742 0.08149473333333333 0.518044087962963 0.07975551527777779
0 0.9531001592592593 0 0.9018256314814814 0.05928411666666667 0.8216941768518519 0.057606263888888884 0.8117711083333333 0.05406413055555556 0.851351350925926 0 0.6075142083333334 0.0003192847222222222 0.6114430861111111 0.011653895833333334 0.6175648268518519 0.03128991111111111 0.6226815046296297 0.052681991666666664 0.623138350925926 0.063537675 0.6246916287037038 0.0656130263888889 0.6246916287037038 0.07551085555555555 0.6130085638888889 0.08779198194444444 0.5965231601851851 0.0998263888888889 0.5909903888888889 0.10041824444444444 0.5893498537037037 0.09681804861111111 0.5772149157407408 0.07832228472222223 0.5658106305555555 0.05859375 0.5460507296296296 0.009864268055555556 0.5442441101851851 0.011047979166666668 0.543227887037037 0.0051294194444444444 0.5379209416666667 0.00789141388888889 0.528210362037037 0.011047979166666668 0.524324324074074 0.011666666666666667 0.5240063592592593 0.0225 0.5242448333333334 0.029166666666666667 0.5209062 0.03013888888888889 0.5205882351851852 0.07152777777777777 0.5213036564814816 0.07361111111111111 0.5215421305555555 0.07958333333333333 0.5211635305555556 0.08151556527777777 0.5254372018518518 0.1351851847222222 0.8421970361111112 0.1451612902777778 0.999205087037037 0 0.9531001592592593 0
2 0.8829329203703703 0.2604911777777778 0.8808859351851852 0.4989270388888889 0.9153435185185186 0.4989270388888889 0.9173905027777778 0.24439675694444446 0.8829329203703703 0.2604911777777778
2 0.9303547425925927 0.24082021944444446 0.999205087037037 0.24305555555555555 0.999205087037037 0.20694444444444443 0.9303547425925927 0.24082021944444446
2 0 0.9986111111111111 0.022877971296296297 0.9983965666666665 0.08491992685185185 0.9283875333333333 0.12240360925925926 0.891124661111111 0.1185259861111111 0.8527326111111111 0.11141701296296297 0.8595076777777777 0.11077074166666667 0.8165989166666667 0.12369614907407406 0.8053071361111112 0.12369614907407406 0.8448283652777778 0.11917225648148148 0.8538617888888889 0.12498868981481481 0.892253838888889 0.15213204629629629 0.8617660347222222 0.15649062314814816 0.169366075 0 0.022222222222222223 0 0.9986111111111111
2 0.999205087037037 0.05138888888888889 0.8442876157407407 0.18313008194444444 0.8488115083333333 0.2384598013888889 0.999205087037037 0.13194444444444445 0.999205087037037 0.05138888888888889
0 0 0.02361111111111111 0.15710536851851853 0.16869143194444444 0.1599785472222222 0.12518406944444443 0.054628689814814814 0.0030287819444444444 0 0 0 0.02361111111111111
0 0.8447526194444444 0.1469377513888889 0.8447526194444444 0.1804049527777778 0.999205087037037 0.05277777777777778 0.999205087037037 0 0.8447526194444444 0.1469377513888889
0 0.5315172092592593 0.16516516527777778 0.5293687962962963 0.1764264263888889 0.8457103453703704 0.18207831388888887 0.8428371675925926 0.14526439027777777 0.5255016546296296 0.1366366361111111 0.5242126064814815 0.15990990972222224 0.5315172092592593 0.16516516527777778
0 0.5189821787037038 0.15997673055555556 0.5185659944444445 0.13525305416666666 0.1607824861111111 0.12565453333333335 0.15621402314814814 0.16716155833333335 0.5152952138888889 0.1783365263888889 0.5131555944444445 0.16433973194444446 0.5189821787037038 0.15997673055555556