2 0.7086295361111111 0.4500955736111111 0.7141519166666667 0.4847818416666667 0.701591825 0.4891314305555555 0.6990671944444444 0.4735401625 0.6797603444444444 0.4800836263888889 0.7237086768518518 0.7832509249999999 0.7686482509259259 0.7696144944444444 0.7340142046296296 0.5433958652777778 0.7324441935185185 0.5439395638888889 0.7299578722222222 0.5277854055555555 0.7318298638888889 0.5268160902777778 0.6819259388888889 0.1822846416666667 0.801890374074074 0.14395109583333335 0.7990517648148148 0.12827246666666667 0.7892028111111111 0.07464350694444444 0.4778149416666666 0.1766996611111111 0.47524985740740744 0.17858575138888888 0.4727413972222222 0.1803096902777778 0.47620159351851854 0.2049115611111111 0.4801035953703704 0.20641113472222222 0.4823472453703704 0.22045854583333332 0.47981209537037034 0.22147901666666667 0.4798414018518518 0.2243197125 0.4769606398148148 0.22574495277777776 0.4729037305555555 0.22429902499999999 0.470846912037037 0.21517589166666665 0.4717502972222222 0.21044423888888886 0.4735082916666667 0.2075547652777778 0.4693067351851852 0.1807864111111111 0.11511038148148148 0.292825875 0.21642875833333333 0.9680032541666667 0.3359834305555555 0.9231582902777778 0.3360031314814815 0.9232956625 0.389144875 0.9050179708333334 0.2951713388888889 0.29614099583333336 0.6356321212962963 0.18399450972222223 0.6797889407407407 0.47998768472222225 0.6989779703703703 0.47334247916666666 0.6965927814814815 0.45426392916666664 0.7086295361111111 0.4500955736111111
0 0 0.17081105000000002 0.1111703787037037 0.24929702083333333 0.46220571388888887 0.13683691666666667 0.4553737175925926 0.08594050972222222 0.45455865925925926 0.08443779861111111 0.4535153564814815 0.07765923611111111 0.4539205453703704 0.0764989375 0.44511650555555554 0.018348983333333332 0.43654333796296296 0.01880109027777778 0.4251465212962963 0.017901397222222223 0.41669295185185184 0.015982451388888888 0.38557398425925926 0.0264739375 0.3672898972222222 0.06587071805555555 0.3457761527777778 0.10382985555555556 0.38944474444444444 0.10860234583333334 0.38902859351851854 0.10289960972222223 0.4115458592592593 0.09550505972222223 0.4121939972222222 0.0997161513888889 0.4145240675925926 0.09911085694444445 0.4143141425925926 0.0947480125 0.4380153194444445 0.08754831805555556 0.4403691620370371 0.10183045416666667 0.4164775314814815 0.11105319722222223 0.4149521203703703 0.10114227222222222 0.41224289166666667 0.10189068055555556 0.41377610833333334 0.11255811527777777 0.39061955000000004 0.12008740277777778 0.3894329370370371 0.1086673236111111 0.3455854481481481 0.10418098055555555 0.32894743333333337 0.10995779305555556 0.31807236666666666 0.11090588472222222 0.3113448555555556 0.10736486944444444 0.31316231111111115 0.09734225277777778 0.3220599083333333 0.06608130833333334 0.32934593611111107 0.04618066944444444 0 0.16000619444444444 0 0.17081105000000002
0 0.5423636601851852 0 0.5442604287037036 0.0036334222222222223 0.5524540805555556 0.022750722222222224 0.5545272157407408 0.03317402361111111 0.5563519185185185 0.03467206666666667 0.5578362703703703 0.04431621527777778 0.5482944092592592 0.06022475277777777 0.5340362944444444 0.07751333194444444 0.5287340861111112 0.0799569236111111 0.5265956861111111 0.07700255972222222 0.5119980046296296 0.06307549166666668 0.4979273740740741 0.04770070694444445 0.47136608611111114 0.006887675 0.469783287962963 0.008650648611111112 0.4679055194444445 0.0032266819444444444 0.46314879999999997 0.007708591666666667 0.45416048425925926 0.01406086111111111 0.45046682777777775 0.015974944444444444 0.4517816592592593 0.02663790972222222 0.4530138037037037 0.033053243055555556 0.44990654074074077 0.035127091666666665 0.45580370833333334 0.07556247499999999 0.456813225 0.07735101111111112 0.45794122592592595 0.08308969722222222 0.4578621009259259 0.08510015694444444 0.47007492962962966 0.13595217638888887 0.7802123203703704 0.038789406944444445 0.8063914435185184 0 0.5423636601851852 0
2 0.8371998666666666 0.13741802777777778 0.8709629444444444 0.3704335 0.9045373814814814 0.35880659583333335 0.8683606648148148 0.1101092013888889 0.8371998666666666 0.13741802777777778
2 0.9478772101851852 0.08119595833333333 0.9424617222222222 0.046010373611111106 0.8804562685185185 0.1022498513888889 0.9478772101851852 0.08119595833333333
2 0.19834436851851853 1 0.21530097962962963 0.9698738888888889 0.11571044629629629 0.2937493958333333 0 0.23370972361111114 0 0.5854517069444445 0.0638040101851852 1 0.1884890611111111 1 0.18120152222222222 0.9724115694444445 0.17529079074074075 0.981411748611111 0.16822616944444443 0.9398208055555556 0.17912690092592592 0.9244570555555555 0.18505379537037037 0.9629653583333333 0.1820005685185185 0.9732937374999999 0.19060863425925925 1 0.19834436851851853 1
2 0.8424707203703704 0 0.7879433981481482 0.07507964444444444 0.8006489962962963 0.12746478472222222 0.9083447731481481 0 0.8424707203703704 0
0 0 0.234160775 0.1162082611111111 0.29288461250000003 0.11248311574074074 0.24952285416666667 0 0.17190209722222222 0 0.234160775
0 0.8090553453703704 0 0.7829688157407407 0.039658016666666664 0.7879878037037037 0.07226745555555555 0.8417787203703704 0 0.8090553453703704 0
0 0.4703554009259259 0.13734467916666668 0.4725896231481482 0.16045641944444444 0.48049512592592597 0.16311221666666667 0.48009059814814814 0.17480978333333333 0.7891719324074075 0.07357476666666667 0.7808515064814815 0.03867386805555555 0.4703554009259259 0.13734467916666668
0 0.4666641731481481 0.18141972916666668 0.4624803296296296 0.16850363611111113 0.46750327129629626 0.16228641388888887 0.4633900092592593 0.13833683472222222 0.11333700370370371 0.24970998888888887 0.11511032962962964 0.2916947125 0.4666641731481481 0.18141972916666668