2 0.32409867685185184 0.25145303888888887 0.3018546648148148 0.45998240277777774 0.31844476203703703 0.4617627930555555 0.3237074046296296 0.46224785972222227 0.32224793055555556 0.4800466013888889 0.31686720925925926 0.4786001055555556 0.3185468259259259 0.46178430972222223 0.3018403231481481 0.4601354680555555 0.2929116046296296 0.5498779013888888 0.2974504796296296 0.5536443625 0.2983167148148148 0.5577292194444444 0.2950379925925926 0.5582867472222222 0.28705099814814816 0.6157610291666666 0.31529651296296296 0.6331100555555556 0.33989011018518517 0.38839490972222224 0.35558942407407407 0.24638490833333332 0.32409867685185184 0.25145303888888887
2 0.3153716074074074 0.6331707333333333 0.32409926666666666 0.6319202763888889 0.3250626277777778 0.6216382666666667 0.3271328666666667 0.6207502625 0.34042777314814815 0.48592226250000004 0.33829380555555555 0.47885022916666664 0.3400604944444444 0.47491825833333334 0.3406486518518519 0.46864082083333336 0.3373439277777778 0.4575694180555555 0.33315815092592593 0.4566870097222222 0.3153716074074074 0.6331707333333333
2 0.4623918083333333 0.32295839583333336 0.3555994398148148 0.2464146472222222 0.37140989999999996 0.3278559902777778 0.3555408324074074 0.24629188055555554 0.33997989814814816 0.3885114736111111 0.33351354074074074 0.45241373055555556 0.3465313898148148 0.4551453125 0.4461661490740741 0.47986467916666664 0.4623918083333333 0.32295839583333336
2 0.3590056777777778 0.4383191486111111 0.43315675740740744 0.4604214416666667 0.44337124814814816 0.3667510861111111 0.37140989999999996 0.3278559902777778 0.3590056777777778 0.4383191486111111
2 0 0.5861184027777777 0.042401852777777777 0.5856024138888889 0.04728710740740741 0.5324735208333333 0.042715449074074076 0.5278991805555555 0.04280327314814815 0.5259735333333333 0.046690600925925925 0.5240156541666666 0.0530910212962963 0.4695397513888889 0.07593078888888889 0.4718549958333333 0.0990361675925926 0.478253425 0.09389806018518518 0.5271629555555555 0.15212954722222222 0.5312455597222222 0.15484192962962964 0.5072376152777778 0.20577382777777778 0.5121421513888889 0.21566462314814813 0.5182544319444444 0.22102849074074074 0.47651147638888885 0.2237570962962963 0.4762749222222222 0.22452376944444444 0.46953646805555554 0.23556701203703703 0.4722703930555555 0.23429641481481484 0.47788790000000003 0.24892258518518517 0.4813771472222222 0.24298933055555555 0.5360372847222222 0.24836372222222222 0.5371702680555556 0.25260404537037034 0.4969681152777778 0.2714837944444444 0.49983198888888886 0.2743691898148148 0.5029770569444445 0.2706772277777778 0.5423815625 0.29250484259259263 0.5520566569444445 0.3018279925925926 0.4600541069444445 0.3241352138888889 0.25131745 0.22662521666666666 0.18715879305555558 0.22664010092592593 0.1870769 0.03664215277777778 0.060681329166666666 0 0.45176502638888894 0 0.5861184027777777
2 0.209163675 0.2832398847222222 0.149888875 0.2545838472222222 0.12827140833333334 0.40932045972222225 0.2849765666666667 0.4475500333333333 0.30290238425925925 0.32810715 0.209163675 0.2832398847222222
2 0.46103282222222225 0.3373888097222222 0.4462422574074074 0.4796438958333334 0.45749503055555557 0.4836659319444444 0.4571485518518519 0.4873639208333333 0.45197620555555557 0.4872162902777778 0.4468572824074074 0.49320784444444443 0.43461608796296297 0.6054079819444445 0.4605186027777778 0.6040335319444444 0.4875576990740741 0.3389266 0.46103282222222225 0.3373888097222222
2 0.8219747166666667 0.38869346527777776 0.7796535296296296 0.3454841708333333 0.6850580379629629 0.34274146666666666 0.6841683166666667 0.35223750972222223 0.5149665287037037 0.34600977083333334 0.5158355518518518 0.3388636569444444 0.4875951972222222 0.3387196125 0.4605838675925926 0.6043112861111111 0.5405999203703703 0.6366940527777778 0.5485781324074074 0.6299662305555556 0.561649424074074 0.6246020750000001 0.5634760972222221 0.6061377874999999 0.5839378759259259 0.5992867319444445 0.49273788240740746 0.5685598986111111 0.4910175194444444 0.5604809611111111 0.49317813518518516 0.5597932930555556 0.5117407472222223 0.3779445708333333 0.6801376296296296 0.3908577833333333 0.6587017222222222 0.608729223611111 0.6602645898148147 0.6138789791666667 0.6554300648148148 0.6233767902777778 0.6529116342592592 0.6221885638888889 0.6484284351851852 0.6606821416666667 0.6693230740740741 0.6637723444444444 0.6701685787037037 0.654748225 0.6766582490740741 0.6572118402777778 0.6776044092592592 0.6471134222222222 0.6800151324074074 0.6447732805555556 0.7040817972222222 0.6483130777777778 0.7291969888888888 0.38805381805555555 0.8190821814814815 0.39349517500000003 0.7962953324074075 0.6306154194444444 0.7989597833333334 0.6317091125 0.8219747166666667 0.38869346527777776
2 1 0.2830377722222222 0.8326957416666667 0.34099379583333334 0.8247424212962963 0.3313276694444445 0.461937475 0.3275575125 0.4615095462962963 0.3327636944444444 0.8289701333333334 0.33979701805555557 0.8012344675925925 0.6330641916666667 0.8261418981481482 0.642829025 0.8376753064814815 0.6262538013888889 0.85012265 0.6269771819444444 0.9390946648148147 0.674956125 0.9445872342592593 0.6687489652777778 0.9875516685185186 0.6853068291666666 0.9959221657407408 0.5959680583333333 0.9499869398148149 0.5874461736111112 0.9566665722222223 0.5161540861111111 0.9565364851851853 0.5161398027777777 0.9633047361111111 0.4358947125 1 0.4327594180555555 1 0.2830377722222222
2 0.9234165277777778 0.6072661541666666 0.930793575 0.5133131736111112 0.9321401777777778 0.5134610333333333 0.9306382240740741 0.5132804236111111 0.9343805842592593 0.46240067500000004 0.847416737037037 0.4681768333333333 0.8373085333333333 0.5895887847222222 0.9234165277777778 0.6072661541666666
2 0.8283362314814815 0.34506692638888886 0.8126107203703704 0.3452715111111111 0.8271809537037037 0.3583606875 0.8283362314814815 0.34506692638888886
2 0.8272271064814815 0.3584107527777778 0.8124269333333334 0.3453907944444445 0.7796646222222222 0.34536577916666666 0.8219858092592592 0.3885750708333333 0.7989647212962963 0.6317027708333333 0.8011542518518519 0.633250925 0.8272271064814815 0.3584107527777778
2 0.4615124768518518 0.33292086805555554 0.46101717407407405 0.3374261694444444 0.4875123166666666 0.3385722930555556 0.5158346666666667 0.33869338055555553 0.6850834148148148 0.3428072569444444 0.7794701222222222 0.3454285263888889 0.8283653777777777 0.34510496944444446 0.8289370805555555 0.3398368388888889 0.4615124768518518 0.33292086805555554
0 0.04265480277777778 0 0.03849018425925926 0.04095718472222222 0.3252204805555555 0.23907137222222222 0.35651339814814814 0.23172873472222222 0.3764134314814815 0.2224008861111111 0.3564821601851852 0.2320621388888889 0.4442508407407407 0.2985966652777778 0.44426943888888887 0.2985319708333333 0.46909316851851857 0.3176372472222222 0.4623342416666667 0.3227599666666667 0.46189979722222224 0.32739681944444443 0.5254502046296297 0.32790220694444444 0.5254544203703704 0.3280806013888889 0.6116572277777778 0.32903993750000005 0.6116757675925926 0.3291295722222222 0.7473915675925926 0.33013380694444444 0.7467122638888889 0.30934774583333335 0.7469684555555555 0.3094118375 0.7474969685185185 0.33015602638888886 0.8120577101851852 0.3305482875 0.812020312962963 0.33035827638888887 0.8247095509259259 0.33162780833333333 1 0.26394484444444444 1 0.10049184027777777 0.7471524120370371 0.047188723611111115 0.7466743083333333 0.049169783333333335 0.5129799379629629 0 0.04265480277777778 0
0 1 0.26324226944444445 0.8238256453703704 0.33065895833333336 0.8317171351851852 0.33999120555555556 1 0.2818856861111111 1 0.26324226944444445
0 0.32388440370370375 0.2385371486111111 0.3227196777777778 0.25096833333333335 0.3542000287037037 0.24577313888888888 0.35622795185185185 0.23014346944444444 0.32388440370370375 0.2385371486111111
0 0.4614093361111111 0.3224614097222222 0.46921438796296294 0.3173458847222222 0.3561503037037037 0.2309722138888889 0.3545973361111111 0.24754712499999998 0.4614093361111111 0.3224614097222222
0 0.038598892592592596 0.039796940277777776 0.036479090740740745 0.062421694444444446 0.32327228333333335 0.2510848291666667 0.325067262962963 0.23794139583333332 0.038598892592592596 0.039796940277777776