2 0.6950893370370371 0.4343810347222222 0.678542212037037 0.43820770277777776 0.6811924990740741 0.45473992777777783 0.6759163 0.45688435972222224 0.6734282055555555 0.43934415 0.678642637037037 0.438172925 0.6950661564814815 0.4342304263888889 0.6607904361111111 0.22940261805555553 0.6291250425925926 0.22847067361111112 0.6530159398148148 0.3678878569444444 0.691734837962963 0.6084565777777777 0.718864825 0.5874809305555555 0.7075687481481482 0.5312695236111111 0.7042701074074074 0.5311427569444445 0.7048957018518519 0.5269601986111111 0.7091984592592593 0.5226146861111112 0.6950893370370371 0.4343810347222222
2 0.682896450925926 0.6084221402777777 0.6916635555555555 0.6085268402777777 0.6636903148148148 0.4350399902777778 0.6595717370370371 0.43646626388888893 0.6569228796296297 0.44792757361111113 0.6578735425925926 0.4541042333333333 0.6598619703703704 0.45779027499999997 0.6581470361111111 0.4651143777777778 0.679225374074074 0.5976912249999999 0.6813393314814815 0.5983052013888889 0.682896450925926 0.6084221402777777
2 0.5524590574074074 0.47290340694444444 0.650278387037037 0.4352524916666667 0.6630879833333334 0.4308294333333333 0.6529332666666666 0.3680157138888889 0.6291680435185185 0.2283716472222222 0.61809855 0.31170000138888887 0.6291167925925926 0.22850160972222225 0.5271782861111111 0.3187154375 0.5524590574074074 0.47290340694444444
2 0.61809855 0.31170000138888887 0.5486709907407408 0.35985485694444447 0.5642892185185185 0.4518333902777778 0.6368739027777778 0.42012116666666666 0.61809855 0.31170000138888887
2 1 0.41715302500000007 0.9360685342592593 0.0017766236111111111 0.7541376518518519 0.15253034027777776 0.7541572370370371 0.152609975 0.6607461592592593 0.22927232361111113 0.6950968944444444 0.4342983694444444 0.7097302666666667 0.524731975 0.7309126601851852 0.5122400930555555 0.7249451953703704 0.4734681972222222 0.7276368703703703 0.46995787916666665 0.746278374074074 0.4646366861111111 0.7528384601851852 0.5041315027777777 0.7581265703703703 0.5023002194444445 0.7490399305555555 0.44862375416666667 0.7634077046296296 0.44323565277777777 0.7618155444444444 0.43780563333333333 0.772657912037037 0.43363838749999994 0.7738131981481482 0.4402509694444445 0.7765451657407407 0.44012990277777775 0.7843140472222222 0.4810127763888889 0.7938120583333332 0.4736306958333333 0.8442651722222222 0.4620863125 0.848362187962963 0.4856482986111111 0.9061348703703704 0.4739684180555556 0.8981744842592593 0.42591672638888883 0.9208201666666667 0.41652199583333327 0.9434384981481482 0.4112296361111111 0.9529798212962962 0.46466149166666665 0.9569661166666666 0.4661037152777778 0.9571654944444444 0.4680105527777778 0.9528770185185185 0.4731651569444445 0.960830675925926 0.5254532111111111 1 0.5207928638888889 1 0.41715302500000007
2 0.8345192277777778 0.20974643750000002 0.7771350129629631 0.2460426388888889 0.6863599666666667 0.30299397083333335 0.7111576601851851 0.4196388305555555 0.865045224074074 0.36106810000000006 0.8345192277777778 0.20974643750000002
2 0.5293705638888888 0.332913275 0.5030359731481482 0.33791290555555553 0.5453759055555556 0.5984761069444444 0.571259713888889 0.5964589986111111 0.5525458435185185 0.48628615000000003 0.5470982675925926 0.48098661111111113 0.5419541805555556 0.4818098791666667 0.5413941527777778 0.4781712597222222 0.5523704101851852 0.47269341249999997 0.5293705638888888 0.332913275
2 0.33947042777777775 0.6764061152777778 0.34083705185185187 0.6852853583333334 0.3614726277777778 0.6794752833333333 0.35476986388888887 0.6417142902777778 0.3523300574074074 0.6432272375 0.34696206944444447 0.6343976041666667 0.34821976944444444 0.629063126388889 0.31420626759259257 0.41482314583333335 0.4812120416666667 0.3799439388888889 0.510270125 0.5586739152777778 0.512462475 0.5590765013888889 0.5112180749999999 0.5673496041666667 0.4221504722222222 0.6098824180555555 0.4429324601851852 0.6140323611111111 0.4458250277777778 0.6321875791666667 0.4591582574074074 0.6358224652777777 0.46749702314814817 0.6414816652777778 0.5453270268518519 0.5987613361111112 0.5029865907407407 0.3377116083333333 0.47486206851851853 0.34154706805555557 0.4761430018518518 0.3485523791666667 0.30794693240740745 0.37687678055555557 0.3065088407407407 0.3675331888888889 0.21243267500000002 0.38263226666666666 0.17278315833333333 0.43120993750000003 0.2098306527777778 0.6702920125 0.21242141666666667 0.6688541486111111 0.1759436851851852 0.435615225 0.26517067314814813 0.4184435583333333 0.3053123527777778 0.6744290527777778 0.3290817611111111 0.6677564041666666 0.3316192824074074 0.6697724777777777 0.3331485981481481 0.679708773611111 0.33947042777777775 0.6764061152777778
2 0 0.49829077222222223 0.03473351574074074 0.49670815555555553 0.04613855833333333 0.57576305 0.04600979629629629 0.5757942861111112 0.05680635462962963 0.6459418347222222 0.011541079629629629 0.6604365680555555 0.025070649074074074 0.7483410722222222 0.06690951574074074 0.7262293208333334 0.0727418435185185 0.7316947972222222 0.1585875324074074 0.6722667958333333 0.17094547962962964 0.6699188805555555 0.18339808333333332 0.6849232263888889 0.20764335925925925 0.671939313888889 0.16297329074074074 0.38341409305555557 0.5286269157407407 0.32836808333333334 0.5278981166666666 0.32323765694444445 0.16669281296296296 0.3744242694444444 0.1593313962962963 0.38509337916666664 0 0.3514877708333333 0 0.49829077222222223
2 0.15205624074074076 0.5137169763888889 0.0650877 0.5193318958333334 0.07177212777777778 0.5695287791666667 0.07028638333333334 0.5699050569444444 0.0716192712962963 0.5695817138888889 0.08442727407407408 0.6622127472222222 0.16918047870370373 0.6333454361111112 0.15205624074074076 0.5137169763888889
2 0.16391098240740742 0.388581075 0.1658342824074074 0.40167321527777783 0.17958853981481482 0.3867290277777778 0.16391098240740742 0.388581075
2 0.1727652287037037 0.4310934458333333 0.2124147453703704 0.382515775 0.17977855925925926 0.3868238305555555 0.16579121388888887 0.401729125 0.20773412037037037 0.672114848611111 0.2098253648148148 0.6702863402777778 0.1727652287037037 0.4310934458333333
2 0.16300853148148148 0.38344944166666667 0.16388415740740742 0.3886227847222222 0.21261215185185187 0.38255285555555557 0.3064873833333333 0.36760204722222223 0.47485305740740746 0.341377325 0.5030605953703703 0.3375540138888889 0.5293883231481481 0.33294844583333333 0.5286331287037037 0.32852504166666663 0.16300853148148148 0.38344944166666667
0 0.4684245240740741 0 0.2280694 0.08313395138888889 0.22747800925925926 0.08122293472222222 0 0.1599990888888889 0 0.3331545791666667 0.16674299814814814 0.3747189680555556 0.17931018518518518 0.3717953583333333 0.17928397037037036 0.37198953472222224 0.2435762472222222 0.36315850694444446 0.2428974314814815 0.3424241611111111 0.24314892500000002 0.3423268208333333 0.24367995555555555 0.36312259305555555 0.37882096666666665 0.3443795625 0.37883422777777775 0.34428784444444444 0.4646532666666667 0.33206255416666663 0.46464710000000004 0.33188428888888893 0.5279263148148149 0.32307264861111107 0.5272241037037037 0.3185102375 0.5201932481481482 0.31429063055555556 0.5438124259259259 0.29201275972222224 0.543834712037037 0.2920747763888889 0.6274034962962963 0.21431911805555556 0.606986712962963 0.20730031527777776 0.6273530046296296 0.21399106666666665 0.6589534787037037 0.21721472638888886 0.9125015212962962 0 0.4684245240740741 0
0 0 0.35034244305555556 0.16024802592592594 0.38396666805555557 0.1675672462962963 0.3736382486111111 0 0.3324254472222222 0 0.35034244305555556
0 0.6275452537037037 0.2123745152777778 0.6304736046296295 0.22767959166666665 0.6621360231481481 0.22873947638888886 0.6602534305555555 0.21650786527777777 0.6275452537037037 0.2123745152777778
0 0.6301808842592593 0.22949876944444444 0.6276707601851852 0.21318995555555556 0.5200555601851852 0.3140162236111111 0.5281281435185184 0.31809190000000004 0.6301808842592593 0.22949876944444444
0 0.9110138546296296 0 0.6590404564814815 0.21606901944444445 0.6615922898148148 0.22892777361111113 0.9363320972222222 0.003489048611111111 0.9357950907407407 0 0.9110138546296296 0