2 0.6975593666666666 0.6005073013888889 0.6943642805555555 0.5992707347222221 0.695601087962963 0.5954064666666666 0.7004452509259259 0.5926241944444445 0.6999299138888889 0.5018911722222222 0.6832330148148148 0.5000363236111112 0.6833360814814815 0.5170391055555555 0.6778735157407407 0.5173482458333334 0.6780796499999999 0.49941804166666665 0.6833360814814815 0.5000363236111112 0.6999299138888889 0.5017366027777778 0.6972501648148148 0.29059297916666665 0.6665361148148149 0.27900017499999996 0.668906662037037 0.4229055277777778 0.6705557388888889 0.6703732736111111 0.7001360490740741 0.6590896097222222 0.6975593666666666 0.6005073013888889
2 0.6620948 0.5128137861111112 0.6593254425925925 0.5193715083333333 0.6599813435185186 0.6556628111111111 0.6619490435185186 0.6569743555555556 0.6619490435185186 0.6673574125 0.6704757462962962 0.6704176833333334 0.669236824074074 0.491938375 0.6650099111111111 0.491938375 0.6607101212962962 0.5022121375 0.6607101212962962 0.5085512680555555 0.6620948 0.5128137861111112
2 0.6665928648148148 0.2789181958333333 0.6433105472222223 0.3563757083333333 0.6665234370370371 0.2790275333333333 0.5536684777777777 0.332532425 0.5551781398148148 0.4912989708333333 0.656136775 0.4876198888888889 0.6692813768518519 0.48763249166666667 0.6688069333333334 0.42300221250000003 0.6665928648148148 0.2789181958333333
2 0.6433105472222223 0.3563757083333333 0.5684407546296296 0.3798696541666666 0.5698649092592593 0.4747607888888889 0.6453450518518519 0.4683533486111111 0.6433105472222223 0.3563757083333333
2 0.7457386361111111 0.5893400305555555 0.7511658453703703 0.5893400305555555 0.7503618138888889 0.5339732166666666 0.7651693824074074 0.5335712805555555 0.7644323546296297 0.5277431944444444 0.7756217842592592 0.5273412583333333 0.7757557888888889 0.5341741847222222 0.7784358916666667 0.5349780597222222 0.7798745601851852 0.5774345347222222 0.7902362092592593 0.5734465375 0.8411274944444445 0.5792222583333333 0.8415859740740741 0.6035627944444444 0.8996295481481482 0.6116763069444444 0.8990793722222222 0.5621701305555555 0.92255355 0.5606574416666666 0.9453858564814814 0.5631327513888889 0.946669600925926 0.6184146472222223 0.9503374416666667 0.6211649902777777 0.9502457453703704 0.6230902305555556 0.9452941611111111 0.6266656763888889 0.9452024648148148 0.6802973666666666 0.999609375 0.6924428819444445 0.999609375 0.16168717083333334 0.7997332314814816 0.24718876388888888 0.7997403722222223 0.24727296666666668 0.6972265629629629 0.2904510833333333 0.699949674074074 0.5018131763888889 0.7006459046296296 0.5948666625 0.7231587694444445 0.58984245 0.7231587694444445 0.5500506944444444 0.7263078898148148 0.5475385875 0.7452696185185186 0.5486439152777778 0.7457386361111111 0.5893400305555555
2 0.8081173777777777 0.3460642694444444 0.711128049074074 0.3709260291666666 0.7177972564814815 0.4929486902777777 0.8765243898148148 0.4878048777777778 0.8694740851851852 0.3300612972222222 0.8081173777777777 0.3460642694444444
2 0.5487425296296297 0.49736613055555556 0.5436068222222222 0.49643254722222224 0.5436068222222222 0.49269821666666663 0.5551232574074073 0.4910644472222222 0.5536753546296296 0.34710610555555554 0.5272659361111112 0.34309160555555557 0.5294447212962963 0.6112632069444445 0.5549676296296296 0.6180316819444445 0.5532557268518518 0.504368 0.5487425296296297 0.49736613055555556
2 0.28414351851851855 0.6042656597222222 0.30830439814814814 0.6057844611111111 0.31047453703703703 0.6086050902777778 0.31047453703703703 0.6188027513888888 0.31712962962962965 0.6177178930555556 0.31712962962962965 0.6268306972222223 0.3381076388888889 0.628132526388889 0.3372395833333333 0.5890776541666667 0.3346354166666667 0.5897285694444445 0.3307291666666667 0.5793139361111111 0.33275462962962965 0.5745405625 0.33174189814814814 0.3543144791666667 0.49969806759259255 0.37668141111111114 0.5012077296296297 0.5606355194444445 0.5032835148148148 0.5617675444444444 0.5008303138888889 0.5694087152777777 0.40766697314814815 0.5807976388888889 0.4272939648148148 0.5918536138888888 0.42738970555555555 0.6105195444444445 0.43983609074074076 0.6185602541666667 0.4471124388888889 0.6268881305555556 0.5293543203703704 0.6115246333333333 0.5272480083333334 0.34287880416666666 0.4992691212962963 0.337126 0.4994666564814815 0.3443839861111111 0.3313337055555555 0.3152286111111111 0.3313337055555555 0.30563924444444446 0.23740433703703703 0.2886075347222222 0.19148596944444443 0.3225613625 0.19172942870370369 0.568016588888889 0.194469425 0.5674897694444444 0.19390484259259258 0.32792018749999996 0.2834201388888889 0.3412961875 0.28414351851851855 0.6042656597222222
2 0 0.5817223194444445 0.044082580555555556 0.5742948361111111 0.04894578333333333 0.5815882152777778 0.14150351388888888 0.5526499666666667 0.15389683796296297 0.5545321291666666 0.16378012037037037 0.5733537541666667 0.18935115462962962 0.5688836180555555 0.18909534537037037 0.27268041249999997 0.5536323972222222 0.3424264805555556 0.5536916731481482 0.33718163055555556 0.19406771666666667 0.2651760625 0.18529495462962964 0.2730877861111111 0 0.16637375555555556 0 0.3257176333333333 0.047151935185185186 0.3397992458333334 0.04640901203703703 0.4206763333333333 0.04627886574074074 0.42066332083333335 0.04627886574074074 0.49265603750000003 0 0.4915055652777778 0 0.5817223194444445
2 0.07081643796296296 0.4231165986111111 0.07216365462962962 0.4232512944444444 0.0707517574074074 0.5178299611111111 0.1576618972222222 0.5183005013888888 0.15891691759259258 0.3959599375 0.07333532037037037 0.37208545 0.0723205324074074 0.4232512944444444 0.07081643796296296 0.4231165986111111
2 0.2047876148148148 0.2815168125 0.18923412499999998 0.27803136666666667 0.18914473703703705 0.29143692916666664 0.2047876148148148 0.2815168125
2 0.2049585462962963 0.2816733027777778 0.18909438796296296 0.29147687222222224 0.18941326481481482 0.5690852791666666 0.19172512777777778 0.5680092777777778 0.19148596944444443 0.3224418055555555 0.23740433703703703 0.2884879791666667 0.2049585462962963 0.2816733027777778
2 0.4992857972222222 0.33695756666666665 0.52734375 0.34275022083333334 0.5536873842592593 0.34714636805555554 0.5536149120370369 0.3425815125 0.18912438148148147 0.27272674583333334 0.18920173240740742 0.27806295555555555 0.23759112314814815 0.2885907194444444 0.3313024722222222 0.3056990972222222 0.4992857972222222 0.33695756666666665
0 0 0 0 0.14528412361111112 0.19407242037037037 0.26548014166666667 0.2067559574074074 0.2668719666666667 0.20670129444444446 0.26705232083333336 0.2706701296296296 0.28014155555555553 0.273118187962963 0.25970957916666665 0.2733778333333333 0.25969959444444446 0.27077656666666666 0.28014155555555553 0.4052647648148148 0.3074790777777778 0.40529144074074075 0.30739418472222224 0.4907443379629629 0.3244398527777778 0.49076506388888885 0.324264075 0.5537438944444445 0.3370303666666667 0.5537438944444445 0.33234794444444443 0.5475260416666666 0.3258640888888889 0.5738808157407408 0.3121269361111111 0.5738932296296296 0.31219488333333334 0.6669809629629629 0.2646304263888889 0.6481400518518519 0.25090235 0.6669809629629629 0.2642937458333333 0.697288075 0.2780976236111111 0.999609375 0.1417691861111111 0.9990026601851851 0.06419125277777778 0.9984893222222221 0.06374217083333333 0.9985871009259261 0.06356803611111111 0.999609375 0.0023432916666666667 0.29755526851851855 0.002061588888888889 0.297265625 0 0 0
0 0.001171875 0.1453709125 0 0.16520210833333335 0.1863570601851852 0.2722992472222222 0.19503761574074074 0.26470524444444443 0.001171875 0.1453709125
0 0.6674107148148148 0.2627834972222222 0.66796875 0.2786844083333333 0.6986607148148148 0.2904008708333333 0.6986607148148148 0.2778475180555556 0.6674107148148148 0.2627834972222222
0 0.6674107148148148 0.2803581888888889 0.6674107148148148 0.2636203861111111 0.5474330351851852 0.32555025555555556 0.5546875 0.3322453763888889 0.6674107148148148 0.2803581888888889
0 0.6975446425925925 0.2770106291666667 0.6981026787037037 0.2904008708333333 0.999609375 0.16344464027777778 0.999609375 0.14059753888888887 0.6975446425925925 0.2770106291666667