2 0.5460992907407407 0.24184397083333334 0.5304964537037037 0.24184397083333334 0.5134751777777777 0.2496453902777778 0.5133138962962963 0.2674441208333333 0.4896015546296296 0.26491739583333335 0.4777453842592593 0.2464528666666667 0.4466472296296296 0.29931972777777777 0.45014577222222224 0.301069 0.4623906703703704 0.402526725 0.46083576296296297 0.4066083569444444 0.5232264333333334 0.41185617083333337 0.5296404277777778 0.40952380972222224 0.5251700675925925 0.40272108888888886 0.5257531583333334 0.3951409138888889 0.5296404277777778 0.3930029152777778 0.5350826046296296 0.39902818333333334 0.5323615157407408 0.40544217638888885 0.5313775509259259 0.40722789166666673 0.534098638888889 0.40935374166666666 0.5411564629629629 0.4098639458333333 0.5462585037037038 0.4082483 0.5459183675925926 0.3889455777777778 0.5222789111111111 0.3865646263888889 0.5278061222222222 0.380187075 0.5282312925925926 0.34982993194444445 0.5224489796296297 0.34923469444444444 0.5361394555555555 0.34081632638888887 0.5364795916666667 0.3334183666666667 0.5315476194444444 0.3334183666666667 0.5316326537037037 0.33205782361111114 0.5433673462962962 0.32610544166666666 0.5415816324074073 0.32295918333333334 0.541751700925926 0.3187074833333333 0.5392857138888889 0.31454081666666667 0.5407119740740741 0.30809061527777776 0.5457605175925926 0.3043365694444444 0.5570226537037037 0.3079611652777778 0.5640129444444444 0.31961164999999997 0.569708737962963 0.3354045305555556 0.5710032361111111 0.36310679583333333 0.569838187962963 0.3715210347222222 0.5791585759259259 0.3721682847222222 0.579805825 0.3637540458333334 0.5826537222222222 0.3622006472222222 0.5849838185185184 0.3655663430555555 0.5852427185185185 0.3722977347222222 0.6388349509259259 0.37475728194444446 0.6393527509259259 0.3658252430555556 0.6423300972222222 0.36478964444444445 0.6453074435185185 0.37553398055555554 0.6539805824074074 0.37631067916666666 0.654078013888889 0.4182624111111111 0.7097517731481482 0.4214539 0.710283687962963 0.4033687944444444 0.7166666666666667 0.4024822694444445 0.7170212768518518 0.39574468055555556 0.738829787037037 0.3962765958333333 0.7391843972222223 0.4035461 0.7425531916666667 0.4053191486111111 0.7423758870370369 0.4230496458333334 0.7893617018518518 0.4278368791666667 0.7884751777777778 0.43404255277777776 0.8402482268518519 0.4372340430555556 0.8402482268518519 0.4450354611111111 0.8368794324074074 0.4459219861111111 0.8362116990740741 0.7634168986111111 0.9993333333333333 0.7973333333333333 0.9993333333333333 0.0006666666666666666 0.7881720435185186 0.0021505375 0.789247312037037 0.24086021527777776 0.575886525 0.2382978722222222 0.5666666666666667 0.24751773055555554 0.5460992907407407 0.24184397083333334
2 0.7779661018518519 0.7505649722222223 0.8144067796296296 0.7570621472222222 0.8155367231481482 0.4612994347222222 0.7765536722222222 0.4700564972222222 0.7779661018518519 0.7505649722222223
2 0.5223703703703704 0.6094814819444444 0.5238518518518518 0.6050370375 0.5994074074074074 0.5602962958333334 0.6142222222222222 0.5742222222222222 0.6204444444444445 0.5869629625 0.6148148148148148 0.5949629625 0.6020740740740741 0.5991111111111111 0.6035555555555556 0.6088888888888888 0.5691851851851852 0.6204444444444445 0.5694814814814815 0.6225185180555555 0.5934814814814815 0.6219259263888889 0.6032592592592593 0.6269629625 0.5958518518518519 0.6465185180555556 0.5771851851851852 0.6684444444444444 0.5745185185185185 0.6823703708333333 0.5632592592592593 0.6897777777777777 0.5593371574074074 0.6880815805555556 0.5588272787037037 0.7041427666666666 0.6304652648148148 0.7191841944444445 0.6302103250000001 0.7065646902777778 0.6353091138888889 0.7010834930555556 0.648948375 0.6973868708333333 0.6378585083333334 0.6573613763888889 0.631102612962963 0.6411727208333333 0.6298279157407407 0.6252390055555556 0.6495857231481482 0.6557042694444445 0.6548119824074075 0.6425748888888889 0.6550669212962963 0.6341618861111111 0.6567240277777777 0.6282982791666666 0.6627151055555556 0.6353091138888889 0.6695984703703703 0.6262587638888889 0.6702358185185185 0.6226896111111111 0.6766093055555557 0.6154238361111111 0.6902485657407407 0.6448693430555555 0.6905035055555555 0.6498406624999999 0.6933078388888889 0.6479286166666667 0.6953473555555556 0.6439770555555555 0.6968769916666667 0.6506054819444445 0.6978967490740741 0.662842575 0.7100063731481481 0.6520076486111112 0.7440407898148148 0.6322498402777778 0.7443907675925926 0.47074610833333336 0.4225185185185185 0.43940740694444447 0.4228148148148148 0.6177777777777778 0.43437037037037035 0.6192592597222222 0.4737777777777778 0.6281481486111111 0.5223703703703704 0.6094814819444444
2 0.7441722342592593 0.7426874527777778 0.7450631037037037 0.6337045291666666 0.7370452861111111 0.6544914625 0.7221974759259259 0.6685968819444444 0.7101707500000001 0.6825538236111112 0.7009651074074075 0.7031922791666667 0.7122494435185185 0.7095768375 0.7092798814814815 0.7346696361111111 0.7441722342592593 0.7426874527777778
2 0.3678974361111111 0.4325128208333333 0.3710317462962963 0.6412698416666667 0.3965333333333333 0.63 0.39613333333333334 0.4372 0.3678974361111111 0.4325128208333333
2 0.5049773750000001 0.09924585138888889 0.5233785824074074 0.07541478194444444 0.5360482657407408 0.07541478194444444 0.5417797888888889 0.095022625 0.5484162888888888 0.09562594305555555 0.5553544490740742 0.08959275972222222 0.554147812962963 0.0009049777777777779 0.388 0 0.3893081759259259 0.09496855277777778 0.4386123675925926 0.1161387638888889 0.4817496222222222 0.1288084472222222 0.49894419351851854 0.1239819 0.5049773750000001 0.09924585138888889
2 0.3917254898148148 0.1264705875 0.3887843138888889 0.0019607833333333334 0.36231372500000003 0.0019607833333333334 0.36231372500000003 0.10882352916666667 0.3917254898148148 0.1264705875
2 0.39484127037037037 0.40396825416666665 0.39444444444444443 0.274603175 0.3654761907407408 0.23214285694444442 0.36666666666666664 0.4075396833333333 0.39484127037037037 0.40396825416666665
2 0.362301587037037 0.10873015833333333 0.36190476203703703 0.002380952777777778 0.3285714287037037 0.000396825 0.3289682537037037 0.11666666666666667 0.34087301574074075 0.11587301666666668 0.362301587037037 0.10873015833333333
2 0.34960317500000004 0.25555555555555554 0.34325396759259263 0.24325396805555555 0.33968253981481483 0.25634920694444446 0.3329365083333334 0.24603174583333332 0.324603175 0.25357142916666664 0.3226190472222222 0.41031745972222217 0.36706349166666663 0.4063492069444445 0.3654761907407408 0.24523809583333334 0.35833333333333334 0.24126984166666665 0.34960317500000004 0.25555555555555554
2 0.3662698416666667 0.6428571430555555 0.3714285712962963 0.6412698416666667 0.3682539675925926 0.4341269833333334 0.32936507962962963 0.4305555555555556 0.32936507962962963 0.6559523805555555 0.3662698416666667 0.6638888888888889 0.3662698416666667 0.6428571430555555