2 0.6846846842592593 0.2597597597222222 0.6903153157407407 0.7034534527777778 0.8538851351851853 0.7233483486111111 0.999375 0.7383333333333334 0.999375 0.6758333333333334 0.7005866425925925 0.6501203361111111 0.6949458481481482 0.6350782194444444 0.7096119129629629 0.6341756916666667 0.706227437037037 0.23826714861111112 0.8172382666666667 0.22743682361111112 0.8197202166666666 0.6425992777777777 0.844990975 0.6450060166666667 0.8465703972222222 0.48796630555555554 0.8434115527777777 0.2253309263888889 0.9690884472222222 0.21540312916666665 0.9684115527777778 0.6540312875000001 0.9959386277777779 0.6573405527777777 0.996615524074074 0.2145006013888889 0.999375 0.21333333333333332 0.999375 0.07916666666666666 0.518841912037037 0.1501225486111111 0.5287162166666667 0.6831831833333333 0.5408220722222222 0.6828078069444444 0.5332207203703704 0.27289789722222224 0.6846846842592593 0.2597597597222222
2 0.406628787962963 0.7477272722222222 0.43628404722222225 0.7311932555555556 0.42892156851851854 0.4803921569444445 0.4289031453703704 0.4805564263888889 0.4260700388888889 0.25453955972222225 0.5165983601851852 0.27131147499999997 0.5219262296296296 0.6863387972222222 0.5286885240740741 0.6833333333333333 0.5190573768518518 0.15 0.3068524092592593 0.07128514027777778 0.307793675 0.11997991944444444 0.3147590361111111 0.12449799166666667 0.30817018055555556 0.13629518055555556 0.3151355416666667 0.4533132527777778 0.32115963888888893 0.4626004013888889 0.37085843333333335 0.4631024097222222 0.37368222870370366 0.46686746944444446 0.3699171685185185 0.4756526111111111 0.35052710833333334 0.47841365555555554 0.33301957777777774 0.5012550194444445 0.3409533074074074 0.7808041513888889 0.36837121203703704 0.7661616152777777 0.3659173388888889 0.7486742430555555 0.36875 0.7664141416666667 0.4066146666666667 0.7474818083333333 0.406628787962963 0.7477272722222222
2 0.017441860185185187 0.8494832041666668 0.02422480648148148 0.8811369513888888 0.025193799074074073 0.9444444444444444 0.10135135092592593 0.975225225 0.07826576574074075 0.5420420416666667 0 0.5358333333333334 0.001953125 0.8411458333333334 0.017441860185185187 0.8494832041666668
2 0 0 0 0.4675 0.007262324074074074 0.4700704222222222 0.007482394444444444 0.4771126763888889 0.05677816851851852 0.4771126763888889 0.045 0 0 0
2 0.12087087037037036 0.9659659652777778 0.1022897898148148 0.6281281277777778 0.1710349462962963 0.6106630819444444 0.16700268796296294 0.5277777777777778 0.07845345370370371 0.5420420416666667 0.10135135092592593 0.9754754763888889 0.12087087037037036 0.9659659652777778
2 0.27685185185185185 0.5111111111111111 0.27870370370370373 0.5817901236111112 0.32407407407407407 0.5700617277777777 0.33310185185185187 0.8398148152777777 0.34316037777777775 0.8347484277777778 0.34091981111111114 0.7808176097222221 0.33310185185185187 0.5012345680555556 0.27685185185185185 0.5111111111111111
2 0.1657725324074074 0.1276824027777778 0.22773605092592594 0.14091559305555557 0.23283261851851852 0.4277539347222223 0.2491952787037037 0.4324034333333333 0.24973175925925928 0.4606580833333333 0.31518240277777776 0.4531473527777778 0.3079399148148148 0.13412017222222222 0.3044439740740741 0.14161229305555556 0.3078793777777778 0.13391699027777776 0.10617469907407406 0.07496653194444444 0.10617438888888889 0.07530110555555555 0.04668674722222222 0.05622490000000001 0.05686695277777778 0.4771101569444445 0.22424892685185185 0.46244635138888884 0.22424892685185185 0.43025751111111116 0.17194206018518518 0.43311874027777775 0.1657725324074074 0.1276824027777778
2 0.29548203148148144 0.16108355416666667 0.24343385185185187 0.14559014305555557 0.25048638148148145 0.4270428013888889 0.3010700388888889 0.4244487680555556 0.29548203148148144 0.16108355416666667
2 0.10616028703703703 0.09051036666666666 0.10613905277777778 0.11291913194444446 0.07211538425925926 0.10502958611111111 0.08062130185185185 0.44033530555555556 0.1523668638888889 0.4354043388888889 0.14607988148148146 0.12327416111111111 0.10613905277777778 0.11341222916666667 0.10616028703703703 0.09051036666666666
2 0.17319651759259258 0.5277777777777778 0.17661691574074076 0.6127694861111112 0.27860696481481484 0.5858208958333333 0.27705223888888886 0.5107794361111111 0.17319651759259258 0.5277777777777778
2 0.17350260462962963 0.14583333333333334 0.17903645833333334 0.4188368055555556 0.22265625 0.4162326388888889 0.21875 0.15364583333333334 0.17350260462962963 0.14583333333333334
2 0.25 0.1618923611111111 0.2545572916666667 0.4157986111111111 0.2923177083333333 0.4136284722222222 0.2884114583333333 0.1697048611111111 0.25 0.1618923611111111
2 0.08391608333333332 0.1241258736111111 0.08852230462962964 0.4253407680555556 0.14091981111111113 0.42177672916666664 0.1363636361111111 0.13461538472222223 0.08391608333333332 0.1241258736111111
2 0.045 0 0.046076642592592594 0.04288321111111111 0.3077098537037037 0.12013381944444446 0.3068627453703704 0.061764705555555556 0.13999999999999999 0 0.045 0
0 0.21875 0 0.324203187962963 0.04083665277777778 0.30702191203703705 0.061752988888888895 0.30702191203703705 0.07138114305555555 0.5192307694444445 0.14983974305555556 0.5477932138888889 0.14528428472222224 0.5477941175925927 0.14530812361111112 0.849609375 0.10091145833333333 0.8685458092592593 0.08781960277777778 0.849609375 0.1015625 0.999375 0.07916666666666666 0.999375 0 0.5325 0 0.21875 0
2 0.1732142851851852 0.5267857138888888 0.1669642851851852 0.5285714277777778 0.1705357148148148 0.6119047611111111 0.17633928518518519 0.6125 0.1732142851851852 0.5267857138888888