2 0.2065891472222222 0.09704450138888888 0.20038759722222224 0.11273432916666667 0.20581395277777778 0.13191078888888888 0.20077519444444444 0.15864160833333332 0.3616279074074074 0.2016433638888889 0.3616279074074074 0.1330729986111111 0.2 0.07380030833333333 0.2065891472222222 0.09704450138888888
2 0.33953488425925926 0.20977883194444447 0.3616586537037037 0.20182216666666666 0.20387596944444444 0.15980381805555557 0.2089147287037037 0.17491254444444446 0.33953488425925926 0.20977883194444447
2 0.4841584157407407 0.6828269041666667 0.47178217777777776 0.7429453583333333 0.4705445537037037 0.7778289069444445 0.6056930694444445 0.8271854166666667 0.6049504953703704 0.7344100222222222 0.6017326731481482 0.7099173180555556 0.4841584157407407 0.6828269041666667
2 0.6367688018518518 0.8377426875 0.6350974925925926 0.7028519166666667 0.6200557101851852 0.7162157083333333 0.61810585 0.8310607930555556 0.6367688018518518 0.8377426875
2 0.462128712962963 0.7763445013888889 0.4594059407407407 0.6768892791666666 0.43712871296296296 0.6735493638888889 0.43712871296296296 0.7674380624999999 0.462128712962963 0.7763445013888889
2 0.705 0 0.361610737962963 0.13302073749999999 0.3617449657407408 0.20184538472222222 0.3395973148148148 0.20969381111111113 0.33508137407407407 0.22502311249999998 0.3359855333333333 0.5706911472222223 0.3506329111111111 0.5742156041666666 0.3491862574074074 0.7328162319444445 0.425497287962963 0.7623674597222223 0.4209764916666667 0.6365714069444445 0.41464737777777777 0.6344025097222222 0.4157323694444444 0.6273535916666667 0.4406871611111111 0.6211180125 0.4349005416666667 0.6064779555555556 0.4385171787037037 0.5915667847222222 0.4484629287037037 0.5896689986111111 0.46636527962962965 0.6048512819444445 0.46564195277777776 0.4484195513888889 0.6246913583333333 0.44931238055555556 0.6265432101851851 0.5474114791666667 0.6240740740740741 0.6404205305555556 0.659567900925926 0.6459733097222222 0.658641975 0.6570788680555556 0.6537037037037037 0.6621689166666667 0.65 0.8412460430555555 0.7844961240740741 0.8885092333333333 0.7912350601851852 0.5280228416666667 0.7649402388888888 0.5453448569444445 0.7474103592592592 0.5453448569444445 0.7462151388888888 0.5226470430555555 0.7245019916666666 0.5287361763888889 0.7470119518518519 0.5214524208333333 0.7470119518518519 0.5029357819444444 0.7637450203703703 0.5011438500000001 0.7645418333333334 0.5441502347222222 0.7916334657407408 0.5268282194444445 0.79379845 0.18072359166666666 0.8976744194444445 0.12377532222222223 0.9990000000000001 0.08845577222222221 0.9990000000000001 0 0.705 0
2 0.8734234231481481 0.2573037805555556 0.9045045046296296 0.25190107638888887 0.9315315324074074 0.2633818236111111 0.9545045046296297 0.29039534305555553 0.9504504500000001 0.5490497986111111 0.9698198203703704 0.5497251375 0.9730538916666667 0.16249360416666667 0.8892215574074074 0.14274299999999998 0.8306306305555556 0.17221119166666668 0.8279279277777778 0.5517511513888889 0.8459459462962963 0.5524264888888889 0.8477477481481482 0.2876939916666667 0.8734234231481481 0.2573037805555556
2 0.8118131870370371 0.5515099597222223 0.8280219777777778 0.5523337222222222 0.8310439555555555 0.17175478194444443 0.8030219777777777 0.18823006111111112 0.8027472527777778 0.28337479583333336 0.8115384620370371 0.2887292625 0.8118131870370371 0.5515099597222223
0 0 0 0 0.0044977513888888885 0.19376 0.0681259375 0.2 0.07386977083333333 0.3614543546296296 0.13252003611111113 0.3613963037037037 0.13330090555555557 0.705 0 0 0
2 0.9443333333333334 0.3463268361111111 0.944 0.29385307361111107 0.9206666666666667 0.26686656666666664 0.86 0.27486256805555553 0.848 0.28735632222222224 0.848 0.3533233388888889 0.9443333333333334 0.3463268361111111
2 0.9393333333333334 0.5942028986111111 0.9400000000000001 0.5692153930555556 0.848 0.5612193902777778 0.847 0.6176911541666666 0.9286666666666668 0.6251874069444444 0.9293333333333332 0.6031984 0.9393333333333334 0.5942028986111111