2 0.8289520212962963 0.20547383333333333 0.8363114759259259 0.18780677083333333 0.8318225638888889 0.17085490694444444 0.8407547157407407 0.14944304305555556 0.6749351888888889 0.17005972500000002 0.6677840092592593 0.23778587499999998 0.8311409962962963 0.23305790555555556 0.8289520212962963 0.20547383333333333
2 0.8214047833333333 0.24721856388888888 0.8279571907407407 0.23347820416666668 0.6677349944444444 0.2379552625 0.6887565861111111 0.2510053486111111 0.8214047833333333 0.24721856388888888
2 0.5025337296296297 0.7465756583333334 0.4965795953703704 0.6842932555555555 0.37762762222222224 0.6834611430555555 0.3718950814814815 0.7068972333333333 0.361486137037037 0.7983561625 0.5001181231481482 0.7813201430555556 0.5025337296296297 0.7465756583333334
2 0.3488220166666667 0.7992711472222223 0.3588733157407408 0.6853824583333333 0.3454104277777778 0.6686536166666667 0.3296919842592593 0.8014914833333333 0.3488220166666667 0.7992711472222223
2 0.5342062166666667 0.7788983097222222 0.5439978361111111 0.6861655375000001 0.5216465592592593 0.6842369430555556 0.5085851592592593 0.7818288041666667 0.5342062166666667 0.7788983097222222
2 0.08879249907407408 0 0.14645795 0.03509229444444444 0.24311591944444447 0.11571410972222222 0.20915912037037038 0.45806563194444444 0.2341107037037037 0.48153148194444445 0.23938282685185186 0.43924155 0.2557230037037037 0.44493786388888884 0.25379191018518515 0.4632265319444444 0.2752651148148148 0.4757026125 0.25445432592592593 0.4645934194444445 0.2509066740740741 0.4867313263888889 0.23359261574074072 0.48261790972222224 0.20942803425925927 0.45933903333333337 0.17848900555555555 0.8169685416666667 0.3162583203703704 0.8018469833333334 0.33127610555555553 0.6241055138888889 0.3269294722222222 0.6179193583333333 0.3271731407407407 0.6067332569444445 0.3628090768518518 0.6095775291666666 0.37007022037037035 0.5171341861111111 0.3821299925925926 0.4206773902777778 0.5393143490740742 0.4571167666666667 0.5222857185185186 0.6114528333333333 0.5415510166666666 0.6006582861111112 0.5511763981481481 0.6048664944444444 0.5531934277777778 0.6204427333333333 0.5459512453703703 0.6335447069444444 0.5699484953703703 0.6455592 0.5702849999999999 0.6527759291666667 0.5638076148148149 0.6534329861111111 0.5462232509259259 0.7766194694444445 0.6246766537037037 0.7653385791666666 0.639788212962963 0.6083511277777778 0.6546228222222222 0.6083070944444444 0.6915654453703703 0.26710696944444445 0.6887037907407407 0.250906725 0.6676473240740741 0.23795794166666667 0.6749575972222223 0.1700121361111111 0.4140447685185185 0 0.08879249907407408 0
2 0.15282861111111112 0.05580992777777778 0.06796860833333333 0.05564596944444444 0.03077862407407407 0.4388689208333333 0.04997995648148148 0.44274695138888887 0.07295079537037037 0.18632567083333335 0.09845816203703704 0.16503537916666666 0.12634976574074075 0.16003791666666667 0.15648474074074076 0.17266733333333334 0.1786749212962963 0.20870823194444443 0.15284568240740742 0.4706042277777778 0.17071229999999998 0.47416516388888885 0.20762495925925928 0.09866377777777778 0.15282861111111112 0.05580992777777778
2 0.17055865185185184 0.4747184930555556 0.18665379537037036 0.47770829305555557 0.21433044351851852 0.21822732638888886 0.22357183333333333 0.21500165416666664 0.2332231009259259 0.12096384444444445 0.20726432129629632 0.0981159986111111 0.17055865185185184 0.4747184930555556
0 0.4139816712962963 0 0.6751401722222222 0.17033917222222222 0.6751642731481482 0.16955429583333334 0.8407474722222221 0.14951165 0.8475096694444444 0.14530275972222223 1 0.13191918888888887 1 0.11255576805555556 0.5262339009259259 0 0.4139816712962963 0
2 0.08296536666666667 0.19220573055555557 0.07716366666666666 0.2439552375 0.1715813138888889 0.27347038055555556 0.17846099074074073 0.20831552777777776 0.1679117 0.19315977222222225 0.10882584074074074 0.17102667916666667 0.08296536666666667 0.19220573055555557
2 0.05819868148148148 0.4651164902777778 0.05625120277777778 0.48995279166666666 0.06518994814814816 0.5011840611111111 0.06355518148148148 0.5230587805555555 0.14499817777777776 0.5348180416666667 0.14989990925925925 0.47880688749999994 0.05819868148148148 0.4651164902777778