2 0.08091436851851852 0.6899248763888889 0.24881822037037038 0.6535798222222222 0.25504942037037037 0.6332805361111111 0.2696605064814815 0.6089785736111111 0.2889987111111111 0.5881074777777778 0.3171465407407407 0.5738122055555556 0.42886317222222226 0.5547956986111111 0.42920353981481485 0.5194699319444445 0.4438393462962963 0.5140351986111111 0.44996596296296293 0.4986367875 0.4707283861111111 0.4927491597222223 0.4727705925925926 0.1517196402777778 0.24560439537037038 0 0.12527173888888887 0.0007153472222222223 0.125259875 0 0.0010395009259259258 0.002074745833333333 0.0010395009259259258 0.0857561763888889 0.07536382500000001 0.09059724999999999 0.08091436851851852 0.6899248763888889
2 0.12570414722222223 0.026788406944444444 0.1351351351851852 0.5954521569444444 0.3598435462962963 0.5612129833333334 0.36006084351851847 0.11536526527777777 0.12668101111111113 0.07748137222222222 0.12570414722222223 0.026788406944444444
2 0.5210486027777778 0.49445709027777773 0.5235361657407407 0.4801988013888889 0.5340604666666666 0.46670435 0.5501339453703704 0.47128737083333333 0.5541310546296296 0.46296296249999996 0.5551994305555555 0.40894271944444444 0.8393874638888889 0.4435346305555556 0.838319088888889 0.43737442638888885 0.8347578342592592 0.43832215 0.8272792018518519 0.43547897916666667 0.8252832435185185 0.4062428097222222 0.8339296361111111 0.41060674583333334 0.8327370305555556 0.42171494722222225 0.8389982111111111 0.4225083902777778 0.8449612407407407 0.4110034666666667 0.8546153842592592 0.4148754694444444 0.8553846157407408 0.38723985000000005 0.85 0.3797338791666667 0.8382051277777778 0.37836915694444445 0.8394871796296296 0.3684749236111111 0.8325641027777777 0.36881610416666666 0.8269230768518518 0.3650631180555555 0.8393051027777778 0.3530717916666667 0.8417272194444444 0.3530162236111111 0.8438987722222222 0.34245852222222223 0.8467802555555556 0.3387911097222222 0.8517497703703704 0.3375686388888889 0.8539630833333334 0.34034698194444446 0.8548400564814814 0.3445144958333333 0.8556752694444444 0.3441255277777778 0.8573039342592592 0.27683406805555555 0.8583479500000001 0.2752226277777778 0.8613547148148148 0.2775564361111111 0.8649043685185185 0.2895033097222222 0.8672429638888889 0.30172801805555555 0.8746345944444445 0.3133414902777778 0.8760962166666666 0.31356375833333333 0.8765555833333333 0.31478622916666665 0.8871627833333333 0.32023178055555557 0.890217625 0.32297463472222226 0.8865476629629631 0.337181 0.8832351861111111 0.34991405138888887 0.8791405962962964 0.35046500138888886 0.8748159731481481 0.3471593055555556 0.8655686416666667 0.35211785 0.8603698935185184 0.35560719444444444 0.8600478472222223 0.36503455 0.8775763712962963 0.3671159152777778 0.8801987481481481 0.37280905833333333 0.8759661388888889 0.3844402111111111 0.8824682601851852 0.39128101666666665 0.8878827481481482 0.3952559347222222 0.8844286777777778 0.41264620277777775 0.8806011953703704 0.41401258055555556 0.8792008962962963 0.44096749444444444 0.8865758027777777 0.44270652222222223 0.8858289768518518 0.46382327500000003 0.8789208361111112 0.4641959236111111 0.8783607166666667 0.5022060791666666 0.8722927555555556 0.5192236986111112 0.8663181481481481 0.5249376430555556 0.8590365944444444 0.5240681305555556 0.8544622851851852 0.5181057527777777 0.8517550407407407 0.5061809986111111 0.8523151601851852 0.4523953847222222 0.8504480953703704 0.446184575 0.8464339055555556 0.44506662916666667 0.8424197157407408 0.4464330083333333 0.8395257657407407 0.4520227361111111 0.8349514564814815 0.6074171972222222 0.8438914027777777 0.6055363319444445 0.8440910296296296 0.60217175 0.8464200157407407 0.5990727916666666 0.8506121907407407 0.5679061319444445 0.8603273888888889 0.5697655055555555 0.8562682990740741 0.6009321666666666 0.8606601009259259 0.601374875 0.8615251527777779 0.6088123736111111 0.8736358796296296 0.6109373722222222 0.87609795 0.6100519555555556 0.9125478592592593 0.618698388888889 0.913069961111111 0.6072356513888889 0.9336734694444444 0.5981973138888889 0.9605573000000001 0.5987195291666667 0.9699764518518519 0.6203914527777777 0.9729199370370369 0.6355356888888889 0.9672291990740741 0.7765337458333333 0.9996153842592592 0.787615148611111 0.9996153842592592 0.07369498472222222 0.47279720277777776 0.15185633194444442 0.4711888111111111 0.44942774722222223 0.4712977814814815 0.44943815 0.4716800611111111 0.4924201916666666 0.48564867962962965 0.4962393763888889 0.4875621888888889 0.5054054194444445 0.5122464601851852 0.513807625 0.5210486027777778 0.49445709027777773
0 0.24519230740740738 0.0038382805555555555 0.47307692314814814 0.15225179166666666 0.9980769231481481 0.0716479013888889 0.9990384611111112 0.005117706944444444 0.24519230740740738 0.0038382805555555555
2 0.5330907833333334 0.3741458958333333 0.5308385305555555 0.3769122236111111 0.5273735268518518 0.3688437666666667 0.5268537768518519 0.3859027916666667 0.5233887731481481 0.3861333194444444 0.5211365212962963 0.38451962638888887 0.5214830212962963 0.391665975 0.525641025925926 0.3955849402777778 0.5240817740740741 0.4140271277777778 0.5213097712962963 0.4137966013888889 0.5211365212962963 0.44745359444444444 0.5235620231481481 0.455291525 0.5277200277777778 0.4596715444444444 0.5336105333333334 0.45759679861111113 0.5381150379629629 0.4467620125 0.5382882888888889 0.4195597847222223 0.5365557861111111 0.4172545111111111 0.5363825361111111 0.4027312875 0.537768537962963 0.40042601388888893 0.537768537962963 0.38544173611111116 0.5422730425925926 0.37921749861111115 0.538808038888889 0.3688437666666667 0.537075537037037 0.3723016763888889 0.5330907833333334 0.3741458958333333
2 0.8662508657407407 0.4214040041666667 0.8662508657407407 0.4257840236111111 0.8631323629629629 0.430855625 0.8586278583333333 0.4287808791666667 0.8569597064814815 0.49970755972222225 0.8579670333333332 0.510552225 0.8614468861111111 0.5185943361111112 0.8641941388888889 0.5196909875 0.8680402935185185 0.5153043819444445 0.8717032962962963 0.5065311694444444 0.8731684981481481 0.4973924069444444 0.874175824074074 0.4643710097222222 0.8694139194444445 0.4629088069444444 0.8702380953703703 0.440610225 0.8742673990740741 0.4407320763888889 0.87445055 0.41940829583333333 0.8765567768518518 0.4140468875 0.8705821203703704 0.40826394444444447 0.8705821203703704 0.4218650583333333 0.8662508657407407 0.4214040041666667
2 0.9236906712962962 0.6737407180555556 0.9245090018518519 0.6582242652777778 0.8557692305555555 0.6405300638888889 0.9058919805555555 0.6789128680555556 0.9236906712962962 0.6737407180555556
2 0.9235966731481482 0.6766438902777778 0.9073804574074075 0.6799634847222222 0.9232848231481482 0.6915820625 0.9235966731481482 0.6766438902777778
2 0.9034303537037037 0.6784420041666667 0.8518711018518519 0.6390218263888888 0.8504158 0.6388835097222222 0.8492723490740741 0.6886774180555555 0.9034303537037037 0.6784420041666667
2 0.9192307694444445 0.7114996263888889 0.9176715175925926 0.7132977402777778 0.9177754675925925 0.716340701388889 0.9190228685185186 0.7159257513888889 0.9156964657407407 0.7184154472222223 0.9182952185185185 0.7197986111111111 0.9172557175925926 0.7229798888888889 0.9221413722222223 0.7240864208333333 0.9232848231481482 0.6937951263888888 0.9056133055555555 0.6801018013888889 0.8492723490740741 0.6906138486111111 0.8490644490740741 0.7009875791666667 0.8556133055555556 0.7025090597222222 0.8671517675925926 0.6961465041666667 0.9192307694444445 0.7114996263888889
2 0.8333679833333333 0.6534067333333333 0.8435550935185185 0.636808763888889 0.8341995842592593 0.6344573847222222 0.8333679833333333 0.6534067333333333
2 0.8428274425925926 0.6868793055555555 0.8441787944444444 0.6397134083333333 0.8335758833333333 0.6565880111111111 0.8332640333333333 0.6778887388888889 0.8428274425925926 0.6868793055555555
2 0.8427234925925926 0.68978395 0.8333679833333333 0.6806550666666666 0.8321205824074075 0.7054137041666667 0.8425155925925926 0.7002959972222222 0.8427234925925926 0.68978395