2 0.16137141481481482 0.22397045277777777 0.2221620074074074 0.7256683013888889 0.22832231944444445 0.7445923805555554 0.2382568694444444 0.7537720736111112 0.2858707111111111 0.7403040527777778 0.2820437518518519 0.7133286055555556 0.2773572953703704 0.6734612805555555 0.31097723240740743 0.6413918625 0.30665171296296295 0.6101752097222222 0.29682388518518515 0.5935330736111111 0.2981840111111111 0.5883629583333333 0.3138511953703704 0.5877175916666666 0.3158924212962963 0.5688108180555556 0.4857122296296296 0.5250904013888888 0.6555426861111111 0.4787707680555555 0.6584519916666667 0.4929340277777778 0.6684266666666667 0.48780703194444447 0.6621179333333334 0.5135339402777778 0.6688823407407407 0.5499062763888889 0.6955507731481482 0.5544670888888888 0.7103396407407407 0.5638291236111111 0.7187345648148148 0.6246581111111111 0.7606553962962963 0.6160592402777778 0.7649513657407407 0.6049678347222223 0.7707512416666666 0.5802051111111111 0.7582081120370371 0.4682086791666667 0.743369987962963 0.47959959305555555 0.7423655712962963 0.4657621041666667 0.7504713166666667 0.4553222430555556 0.7541998083333333 0.4394033472222222 0.748772811111111 0.39852929444444446 0.7377804231481482 0.40558466111111113 0.7294628564814815 0.4036365930555556 0.7387754750000001 0.3928775263888889 0.7373567805555555 0.3808088041666667 0.7299623453703704 0.3761277861111111 0.7200009666666667 0.36548892499999996 0.723090062962963 0.3547167263888889 0.7388513203703704 0.3405928611111111 0.7336814703703703 0.33366426805555555 0.728453 0.3209440013888889 0.719496037037037 0.32414262916666664 0.7224905555555555 0.31256584861111114 0.7363828814814815 0.2931291194444444 0.7225038518518518 0.29679999027777776 0.7179374379629629 0.28971179444444445 0.7354370851851852 0.28508330416666666 0.7347164074074074 0.2736595597222222 0.704994837037037 0.27488385694444445 0.7050667537037036 0.2649096722222222 0.7325051175925926 0.26014127777777774 0.7320681777777778 0.2511312763888889 0.7190536592592592 0.2462775236111111 0.7168423703703704 0.23275924166666667 0.7299243601851851 0.2350210736111111 0.7121259111111111 0.08038654027777778 0.16137141481481482 0.22397045277777777
2 0 0.27083944444444447 0.10593457222222223 0.3185881569444445 0.15300793333333335 0.7367802875 0.17139907314814815 0.7265740500000001 0.20112086944444446 0.7110451875 0.21298448333333334 0.7127270916666666 0.2218038537037037 0.7248536013888889 0.16133003981481484 0.22376550555555555 0.030960037037037032 0.11634329444444445 0 0.12453192916666667 0 0.27083944444444447
0 0.47083711296296293 0 0.03178071018518518 0.11612623472222222 0.16152084074074075 0.2229897402777778 0.711989637037037 0.08013731111111111 0.7548995425925926 0 0.47083711296296293 0
2 0.7663047046296296 0.45627298194444443 0.7590050222222222 0.4673234972222222 0.7712285472222222 0.5779579347222222 0.7783541694444445 0.5604393027777778 0.7770964444444444 0.5381026958333334 0.7884725342592592 0.5301430694444444 0.7798541796296297 0.4607890041666666 0.7663047046296296 0.45627298194444443
2 0.7304187527777778 0.23502211666666667 0.738952012962963 0.23892411805555555 0.7368317712962963 0.23189421527777776 0.743843987037037 0.2321097388888889 0.7512550907407407 0.22911447777777777 0.7552501314814816 0.23668360555555554 0.7658695583333334 0.23456493194444444 0.7577081833333333 0.1563312847222222 0.7224660444444444 0.16568715833333333 0.7304187527777778 0.23502211666666667
2 0.7245711703703704 0.16438735833333332 0.7572334916666666 0.15547285972222222 0.8177139759259259 0.08031800555555556 0.8131856296296297 0.04491193888888889 0.7245711703703704 0.16438735833333332
2 0.8076568833333334 0 0.8133465824074074 0.044537340277777775 0.8177730472222222 0.08010036111111112 0.8684391287037038 0.5111127972222222 0.8731143472222221 0.49689153611111114 0.8329706462962962 0.15243452500000002 0.8317261898148148 0.11465383333333333 0.8343755583333333 0.07960410138888889 0.8396135648148148 0.047379816666666665 0.8493671148148147 0 0.8076568833333334 0
2 0.7552708759259259 0 0.7125490935185185 0.08022190555555556 0.7222144685185186 0.16469870694444444 0.7245140018518519 0.16397273055555556 0.813392025925926 0.044318173611111115 0.807635912962963 0 0.7552708759259259 0
2 0.8495385185185186 0 0.8395765037037037 0.04781732222222222 0.8348881342592592 0.07991835694444445 0.8321920416666667 0.11414716111111112 0.8329599185185186 0.1524373625 0.8731986203703704 0.4968620847222222 0.8807206305555555 0.4782806458333333 0.8880572296296296 0.4687078944444444 0.8998611296296296 0.4632630041666667 0.9177606712962962 0.4588605833333333 0.9324935768518519 0.459277775 0.9368852138888889 0.46276197222222226 0.9384832175925926 0.4805904472222222 0.9384369240740741 0.5204233416666667 0.9355932499999999 0.5639826666666666 0.9319694898148149 0.5987886708333333 0.922974212037037 0.6323606791666667 0.9013745166666667 0.6413648930555556 0.9132789018518519 0.6750571708333333 0.9684437212962964 0.6595455805555556 0.9085869962962962 0.13565829722222222 0.9081713462962964 0.08511203055555555 0.9134427833333333 0.04181129166666667 0.9242579351851852 0 0.8495385185185186 0
2 0.9245537611111111 0 0.9136269388888889 0.0417950125 0.9084497990740741 0.08646693888888889 0.9085302537037037 0.13531008611111112 0.9687068212962964 0.6598068152777777 0.9860419175925926 0.6654276444444445 0.9260757759259259 0.15530031111111112 0.9225149546296296 0.12247401527777778 0.9250333444444445 0.09320435833333335 0.9308726398148148 0.056700006944444444 0.9420320388888889 0.022363981944444448 0.9494420314814815 0.004290766666666667 0.9489376462962963 0 0.9245537611111111 0
2 1 0.43438349861111114 0.9494420314814815 0.004290766666666667 0.941812837962963 0.0222039875 0.930510175925926 0.056644700000000006 0.9254729092592593 0.0934220875 0.922123825 0.12226456944444444 0.9261648018518518 0.1566408486111111 0.9863035787037038 0.6650462472222223 1 0.6613116458333334 1 0.43438349861111114