2 0.22679791666666668 0.4148652513888889 0.228854375 0.42591763750000006 0.24629750462962963 0.42083173611111113 0.24372784537037034 0.42990382222222223 0.2298936398148148 0.43393746805555555 0.2475069111111111 0.4446153708333333 0.2530683657407407 0.45381351805555553 0.2439421296296296 0.4556421736111111 0.2420999564814815 0.47032814027777775 0.23892880925925927 0.47957560138888894 0.2570175712962963 0.4842888722222222 0.2624750990740741 0.49268503611111114 0.2557171018518518 0.5079720277777778 0.24993215277777775 0.5163170263888889 0.25149105 0.5283467722222223 0.26275559722222225 0.5333852097222223 0.2554558962962963 0.5396750125 0.2435080074074074 0.5389972388888888 0.24820676944444445 0.5800737472222223 0.25549083055555555 0.5929310597222223 0.2655524037037037 0.59832025 0.2679206416666666 0.6117785833333333 0.25134663425925924 0.6091205125 0.26639390092592596 0.7204207722222222 0.27772466296296294 0.7404210333333334 0.28438516574074074 0.7484664444444444 0.3255760064814815 0.7339595597222222 0.31888056944444443 0.6726580986111111 0.3304504648148148 0.6559681013888888 0.35425795925925924 0.63737455 0.35188329074074076 0.5997818291666667 0.3398471138888889 0.5791549625 0.35038417685185186 0.5785795194444444 0.349716475 0.5637930736111111 0.5193331796296295 0.5157434888888889 0.6883189592592592 0.46527304861111113 0.694741662962963 0.48182677916666666 0.709522425925926 0.47400735555555557 0.7120274148148148 0.4781029347222222 0.7068283518518519 0.49892267638888893 0.7102481638888889 0.5303911236111112 0.7492968462962963 0.5422580416666667 0.7544464435185185 0.5819966097222222 0.7573184259259259 0.6092375486111111 0.8049874481481482 0.5962161166666666 0.8120690111111111 0.5823058 0.8132989694444445 0.5613271611111111 0.7501902574074074 0.060273769444444444 0.20171272499999998 0.22228577777777778 0.22204048148148148 0.3762171430555556 0.2337131925925926 0.3670732916666667 0.23487845555555556 0.3808823791666667 0.22388797592592594 0.39240972638888894 0.22563265462962964 0.4010561652777778 0.2523878 0.3907583 0.2548378925925926 0.40003134444444444 0.22679791666666668 0.4148652513888889
2 0.7840393879629629 0 0.7501799194444444 0.06006019305555555 0.8134386925925926 0.5603740472222222 0.8187751157407407 0.5443121055555555 0.8294489277777778 0.5363646041666666 0.8609066453703704 0.5348850375 0.8805146462962963 0.534527188888889 0.8245503101851851 0.118806825 0.9269363120370371 0 0.7840393879629629 0
0 0.46790365 0 0.08382923796296296 0.11198475416666667 0.08461630833333333 0.1195732486111111 0.2017804037037037 0.2219798486111111 0.7498164518518519 0.059438520833333335 0.7833361009259259 0 0.46790365 0
2 0.23788922870370371 0.6832099458333333 0.25041137314814815 0.6845256583333333 0.25457366851851854 0.7060547694444445 0.2654114203703704 0.7185794291666667 0.2503911731481481 0.6087225041666666 0.24093623240740744 0.6023299180555556 0.2293656398148148 0.6138295347222222 0.23788922870370371 0.6832099458333333
2 0.22157917592592594 0.3764838791666667 0.2124387175925926 0.307479125 0.17730211574074076 0.31768914444444446 0.18837377037037037 0.39511370833333337 0.19879403611111113 0.39138316805555556 0.20071537222222222 0.38216923611111114 0.20834983796296294 0.38098170000000003 0.21484481388888887 0.37701106111111116 0.21454492592592592 0.38471378055555555 0.22157917592592594 0.3764838791666667
2 0.0988900425925926 0.24349223055555555 0.10312140092592592 0.2789808638888889 0.17754019074074073 0.3166325638888889 0.210162875 0.3073972722222222 0.0988900425925926 0.24349223055555555
2 0 0.15189416944444445 0.0024425111111111113 0.15432830833333333 0.032535893518518516 0.18856645 0.054002653703703704 0.2202891597222222 0.07480704537037036 0.26000258055555553 0.08739591296296297 0.28727084305555556 0.09824311203703703 0.3185684138888889 0.10610757129629629 0.3545086875 0.1509250990740741 0.6976663333333333 0.15868742129629632 0.7084298527777778 0.10301425462962963 0.2788094291666666 0.09865028425925926 0.24322903472222224 0.08301121574074075 0.11222326527777779 0 0.13709022083333333 0 0.15189416944444445
2 0.20127831666666668 0.2223595625 0.08404031944444444 0.11926109166666667 0.09855549814814815 0.24304885277777777 0.2101171861111111 0.3069794527777778 0.21243743055555556 0.3064210902777778 0.20127831666666668 0.2223595625
2 0 0.28696376944444446 0.004551144444444445 0.29449095416666665 0.019817519444444445 0.33208200555555556 0.03150558518518519 0.3794944430555555 0.10078745925925925 0.9007614541666666 0.15599415925925925 0.8855888166666668 0.15905837222222222 0.8477351402777777 0.13674210462962963 0.8509399416666666 0.12032353425925926 0.8244332 0.1086248925925926 0.7938869555555556 0.09556325 0.7547494444444444 0.08600347592592593 0.7175871180555556 0.08323590462962964 0.7000837930555556 0.08650343518518519 0.6944702819444444 0.10015811574074074 0.6861610986111112 0.11792056759259259 0.6806491805555556 0.1302413074074074 0.6793872125 0.1393776574074074 0.6843803444444444 0.15083938796296298 0.6976841402777778 0.10611826481481482 0.35450556944444445 0.09768715185185185 0.3183458138888889 0.08699246111111111 0.2878397611111111 0.07494617037037037 0.26039110555555556 0.0540935212962963 0.2208619125 0.032520754629629625 0.18847683333333332 0.001964249074074074 0.15471929166666668 0 0.1526152736111111 0 0.28696376944444446
2 0 0.33558304166666664 0.0060088425925925925 0.34870104444444444 0.015352833333333335 0.3746728569444444 0.019871114814814815 0.4072329708333333 0.08576342314814815 0.9157127791666667 0.1006042462962963 0.9011467694444445 0.031475366666666664 0.3791388583333334 0.01988126574074074 0.33349660416666665 0.004375331481481481 0.29457475 0 0.2873906277777778 0 0.33558304166666664
2 0 0.5722167874999999 0.04593480740740741 0.9266879333333334 0.0854280212962963 0.9154973708333333 0.02010827222222222 0.4085323263888889 0.015667944444444443 0.3742670708333333 0.005650491666666667 0.3491406 0 0.33589247499999997 0 0.5722167874999999