2 0.9702672546296297 0.1446896486111111 0.9644207601851852 0.11741417638888889 0.9559582361111112 0.13578556944444445 0.9345145194444444 0.5446585388888889 0.9473505342592593 0.6088032097222222 0.9538814703703704 0.48112551666666664 0.9480173898148149 0.4662627402777778 0.9522291703703704 0.4628242541666666 0.9542083462962964 0.44249399166666664 0.9583880601851852 0.4376781 0.9702672546296297 0.1446896486111111
2 0.3853309398148148 0.2160100611111111 0.38144701851851853 0.21652097222222225 0.38520224259259256 0.4835142444444444 0.39977830740740744 0.484288075 0.39373668611111107 0.19835153194444446 0.49898206296296294 0.18851037361111114 0.49989353240740736 0.49542674583333335 0.5151996083333333 0.49643421527777776 0.5138957231481481 0.3195006111111111 0.505612112962963 0.3178237611111111 0.5007473444444445 0.30752480694444445 0.7491170055555556 0.30868713194444447 0.7415295574074073 0.31963834722222223 0.734155612037037 0.5211494222222222 0.7632241268518518 0.5259590444444444 0.7725757416666666 0.16754541805555556 0.9312646398148148 0.1610138513888889 0.9225807685185186 0.36257008888888886 0.9142859166666667 0.5435269236111111 0.934634499074074 0.5445449916666666 0.9560002944444443 0.13561221666666665 0.6336299898148148 0.15700050972222224 0.3800605138888889 0.18338702083333333 0.38033218703703703 0.19505658611111112 0.385232925 0.1941849430555556 0.3853309398148148 0.2160100611111111
2 0 0.5130912958333333 0.0027794962962962963 0.6324828319444444 0.23232421574074075 0.5432296486111111 0.3851938037037037 0.4836121638888889 0.38140209444444445 0.21655184305555555 0.3774974537037037 0.21644009027777777 0.37730968333333337 0.19478455555555554 0.3802663361111111 0.19494596666666666 0.3799905518518518 0.18309980833333334 0.2924721675925926 0.16666835416666667 0.2924710472222222 0.16660912083333335 0 0.11883781666666667 0 0.5130912958333333
2 0.22727101111111112 0.189795475 0.23806825092592596 0.43518706527777773 0.3193268935185185 0.41589533611111107 0.32367741666666666 0.40378526944444443 0.3513745148148148 0.39959242083333335 0.3466296555555556 0.20625279027777776 0.31562809259259256 0.2042667152777778 0.3154447861111111 0.19190828611111113 0.2929305814814815 0.18901711527777776 0.2927401787037037 0.1808384611111111 0.29289457222222226 0.1890014777777778 0.22986779629629628 0.1809281166666667 0.22990104166666667 0.18920025833333334 0.22727101111111112 0.189795475
0 0.49418163611111116 0 0 0.025885804166666665 0 0.09484013749999999 0.3792837351851852 0.16696153472222222 0.6377027046296296 0.138069975 0.9486143944444444 0.11530008194444444 0.964574024074074 0.07032520416666667 0.9584508824074074 0.0623365125 0.9789437277777777 0 0.49418163611111116 0
2 0.41291229907407406 0.45705876666666667 0.45052477870370367 0.4429249291666667 0.44960918240740744 0.3923563972222222 0.4474727888888889 0.390506425 0.4466060481481482 0.35327611527777775 0.41019229444444444 0.2727845736111111 0.41291229907407406 0.45705876666666667
2 0.489701462037037 0.44634579305555555 0.4899115740740741 0.4414883875 0.4525388574074074 0.3840776138888889 0.4499809888888889 0.3922081569444445 0.4506856592592593 0.4433007666666667 0.45454799907407406 0.4426138125 0.4543789648148148 0.4353530666666667 0.4730076166666667 0.43728511666666664 0.47317665 0.4445458625 0.489701462037037 0.44634579305555555
2 0.4920414074074074 0.31779362499999997 0.49162664166666664 0.20974063194444442 0.47050937129629633 0.2050310986111111 0.4369381027777778 0.2067896 0.44483017870370367 0.22648876527777778 0.4558166712962963 0.22639791944444446 0.45672381944444446 0.2653639222222222 0.472866212962963 0.29238516388888885 0.4920414074074074 0.31779362499999997
0 0 0.11892116944444445 0.3808903851851852 0.1816877222222222 0.37899463703703706 0.16577617083333332 0 0.09189706527777777 0 0.11892116944444445
0 0.9548365388888889 0.1344692763888889 0.9482906305555555 0.1153704111111111 0.3781797212962963 0.16353159305555554 0.38094356944444446 0.18397219999999997 0.6343074185185185 0.15812075416666665 0.9548365388888889 0.1344692763888889
0 0.9790991157407406 0 0.9578835685185184 0.06573748333333333 0.9650963490740742 0.07708189861111112 0.9479659731481482 0.1153164861111111 0.954095037037037 0.13712279444444445 0.975328237037037 0.08332639583333333 0.981073987037037 0.11885066805555555 0.9904685750000001 0.10435511388888889 0.9880391342592593 0 0.9790991157407406 0