2 0.9485294120370371 0.48973666388888887 0.9528186277777778 0.4865207569444444 0.9552696083333333 0.46630648611111114 0.959558824074074 0.46171233333333334 0.9782475490740741 0.16952422916666668 0.9730392157407407 0.14195931388888888 0.9641544120370371 0.15987650833333333 0.9332107842592593 0.5673778416666667 0.9445465685185185 0.6321553930555556 0.9540441175925927 0.5048973666666666 0.9485294120370371 0.48973666388888887
2 0.6415289259259259 0.16420488472222222 0.3875 0.17730115138888888 0.3875 0.1889778291666667 0.39241803240740736 0.18836326805555556 0.39200819722222224 0.21018022083333332 0.38811475462962963 0.21048750138888891 0.38565573703703704 0.4775147111111111 0.4002049185185185 0.47905111666666667 0.4008196722222222 0.19297248333333333 0.5062299037037037 0.18864683611111113 0.5 0.4954239583333333 0.5152733120370371 0.497232075 0.5180868166666667 0.3203379972222222 0.5098472666666667 0.31822852777777777 0.5052250805555556 0.30768118055555554 0.7534163990740741 0.3218447611111111 0.7455787777777778 0.3323921083333333 0.7335209009259259 0.5333944083333333 0.7624598064814815 0.5397228152777778 0.7801446944444445 0.18201707499999997 0.9388888888888889 0.18379673055555554 0.9255208333333333 0.3847755916666667 0.9130208333333333 0.5651879625 0.9333333333333333 0.5672706444444444 0.9642004777777778 0.1597054625 0.6415289259259259 0.16420488472222222
2 0 0.6063730083333334 0.23148148148148148 0.5291906888888889 0.385645025 0.4776121291666667 0.3880691398148148 0.21051600138888887 0.38416947777777777 0.21019991111111114 0.38448566666666667 0.18854773888888887 0.387436762962963 0.18886383055555556 0.387436762962963 0.17701045138888888 0.3003539925925926 0.15600748611111112 0.30035425092592594 0.15594822916666667 0 0.09090909027777777 0 0.6063730083333334
2 0.30029215370370366 0.17018299027777778 0.3002565296296297 0.17834911666666667 0.2374559851851852 0.16698126944444444 0.23729674814814813 0.1752501125 0.2346544712962963 0.1757072861111111 0.2397357722222222 0.42151461805555557 0.321393762037037 0.40648846944444444 0.32602339166666666 0.39461352638888886 0.35380116944444445 0.3918731541666666 0.35355750462962965 0.19840291111111114 0.3226210351851852 0.1947951375 0.32272537592592593 0.18243464166666667 0.30029215370370366 0.17836663055555554 0.30029215370370366 0.17018299027777778
0 0 0 0 0.06654170555555555 0.38710585555555554 0.16084500694444442 0.6460396037037037 0.14549908611111112 0.9572916666666667 0.13901905555555555 0.9742879740740741 0.09490705 0.9683544305555556 0.08660268333333333 0.999375 0 0 0
2 0.4521443509259259 0.38978405 0.4500523009259259 0.3878233652777778 0.4500523009259259 0.3505703625 0.4155334722222222 0.26822162083333334 0.41396443518518516 0.45252595 0.4518828453703704 0.44036970694444444 0.4521443509259259 0.38978405
2 0.45591085277777776 0.44026939305555557 0.45591085277777776 0.43300422083333334 0.4744832046296296 0.4359102902777778 0.4744832046296296 0.44317546111111117 0.49095607222222226 0.4458393569444445 0.4912790703703704 0.44099590972222225 0.4552648583333333 0.3816636763888889 0.4525193796296296 0.38965536388888894 0.45203488333333336 0.4407537375 0.45591085277777776 0.44026939305555557
2 0.4512273898148148 0.22376728194444445 0.4622093027777778 0.2242516263888889 0.4622093027777778 0.26324138055555557 0.47771317777777783 0.2910912041666667 0.49628552962962963 0.3174879944444444 0.49838501296296295 0.20947911111111112 0.4773901805555556 0.2036669736111111 0.44379844907407406 0.2036669736111111 0.4512273898148148 0.22376728194444445
0 0.0004115851851851852 0.06363865 0.0004115851851851852 0.09106910277777779 0.3883689027777778 0.17564633055555554 0.38684451296296296 0.15964523194444447 0.0004115851851851852 0.06363865
0 0.956966462962963 0.13907239305555558 0.3860823166666667 0.1573593611111111 0.3883689027777778 0.1779322013888889 0.6421798777777777 0.16535990972222223 0.9630640240740741 0.15850229722222223 0.956966462962963 0.13907239305555558
0 0.999375 0.13027179027777777 0.999375 0 0.9677083333333333 0.08997188333333334 0.9746527777777778 0.10168697222222221 0.9566432583333334 0.13900150555555557 0.962261236111111 0.16111538194444444 0.9847331462962963 0.10846329583333335 0.9896488759259259 0.1442667138888889 0.999375 0.13027179027777777