2 0.6924633916666666 0.5330152486111112 0.7223543944444444 0.5231787847222222 0.7212708342592592 0.4921654458333334 0.6481325129629629 0.49733907222222223 0.646152987037037 0.4082304152777778 0.7143515 0.4022933194444444 0.7176737361111111 0.4757471638888889 0.7255685333333334 0.47455064166666666 0.7226091898148148 0.4655689041666667 0.7271189064814815 0.4323881722222222 0.7297774361111111 0.18396691944444446 0.7325387675925926 0.1440128472222222 0.7154823722222222 0.15341625833333333 0.711012024074074 0.036284381944444444 0.6601708972222222 0.04143288472222222 0.6677959509259259 0.25967490416666666 0.6779966222222222 0.27039098055555555 0.6813529287037038 0.2799174138888889 0.7156323083333334 0.33078121666666666 0.6795032722222222 0.36759939027777777 0.6575227814814815 0.3658719236111111 0.6109749953703704 0.3424638916666667 0.6613485472222222 0.2590299486111111 0.6556681842592592 0.042362750000000005 0.3389842601851852 0.06612162083333334 0.3533704685185185 0.5386018305555555 0.40909966759259264 0.5245223444444445 0.6340379027777778 0.510880625 0.6492925398148148 0.5072568027777777 0.6621824305555555 0.5100561486111111 0.6707551138888889 0.5174448166666666 0.6799612 0.5213282986111112 0.6924633916666666 0.5330152486111112
0 0.5296927240740741 0 0 0.04333500138888889 0 0.091138425 0.655226537962963 0.04252271666666667 0.6551302861111111 0.02067069861111111 0.6454604564814815 0.011263609722222224 0.6485926064814814 0.005425401388888889 0.6557525722222222 0.00028728055555555555 0.6635286398148149 0.003234527777777778 0.666247213888889 0.014204790277777778 0.6594376611111111 0.019823725 0.660532011111111 0.04159728333333333 0.7113818296296296 0.036074805555555554 0.7327581268518518 0 0.5296927240740741 0
2 0 0.5196394319444445 0.0071012925925925926 0.7228905305555555 0.04654733981481481 0.720423711111111 0.04347817222222222 0.6921304375 0.03833885277777777 0.6760478194444445 0.045106445370370375 0.6672724944444445 0.043361030555555555 0.6173157236111112 0.0331803537037037 0.6117750333333334 0.03194789351851852 0.5884101805555555 0.04550517222222222 0.5714918958333334 0.04323909259259259 0.5304534680555555 0.09127214166666667 0.535554925 0.11634343888888889 0.5266089166666666 0.13514571203703704 0.5168875236111111 0.14901418425925925 0.568427688888889 0.1732871861111111 0.5842743736111111 0.1694745361111111 0.4989704555555556 0.15647731388888889 0.49618758055555556 0.1619999388888889 0.487510125 0.18071863148148148 0.48730681944444443 0.18388388796296296 0.4826192861111111 0.20919821574074074 0.4806292847222222 0.2076391398148148 0.4598265111111111 0.20412517777777778 0.4664437625 0.19538831574074075 0.46649647916666664 0.19121153703703705 0.4541428013888889 0.18441038240740742 0.37858532916666665 0.1886438527777778 0.3687410138888889 0.20557002777777778 0.3648740138888889 0.21113204629629628 0.34541374444444445 0.2198074212962963 0.35551147361111113 0.21616569074074074 0.37038208333333333 0.2230927351851852 0.37808084999999997 0.22355670648148146 0.3913604972222222 0.21684288981481484 0.42549563749999997 0.25008619814814814 0.42415052777777773 0.25003242129629627 0.3987907138888889 0.327220375 0.39272284027777776 0.32736440648148146 0.48021745833333335 0.3426969064814815 0.47837804305555554 0.3430062203703704 0.48723114305555554 0.33317904722222225 0.4918082791666667 0.33578132962962964 0.5543797111111111 0.3527248027777778 0.5390975333333333 0.3391035111111111 0.06586075555555555 0 0.09341734583333335 0 0.5196394319444445
2 0.19839872222222224 0.5547253388888889 0.1990258287037037 0.5964526347222222 0.24631922685185184 0.6184759583333334 0.2443311074074074 0.5536464305555555 0.19839872222222224 0.5547253388888889
2 0.2612950824074074 0.555688751388889 0.2586184148148148 0.5504133541666667 0.25180239074074073 0.5534810875 0.25357315462962965 0.6200156416666667 0.2971881277777778 0.6397962180555555 0.29890839907407407 0.689033325 0.3202322777777778 0.6890449625 0.31776602407407406 0.5550473486111112 0.3139111611111111 0.5477546388888889 0.2677320138888889 0.5496969180555555 0.2612950824074074 0.555688751388889
2 0.3174834731481482 0.5390340972222223 0.3152287574074074 0.4982787236111111 0.2656064351851852 0.5047115305555555 0.265269512037037 0.5346990083333334 0.27047581666666665 0.5410415069444444 0.3174834731481482 0.5390340972222223
2 0.24368735833333333 0.5431473930555556 0.2446878638888889 0.500448173611111 0.19798578333333333 0.5032755291666666 0.19816028055555557 0.5399745763888889 0.20134517962962964 0.5439440666666666 0.24368735833333333 0.5431473930555556
2 0.20120189907407407 0.6587354722222222 0.23149040277777777 0.6854714625 0.2424278861111111 0.6656222875 0.23487032314814815 0.6316135638888889 0.20676815 0.6198971902777778 0.20056966203703705 0.6406397819444445 0.20120189907407407 0.6587354722222222
2 0.26030026759259256 0.6857385875 0.28527316388888885 0.6871513124999999 0.28593036574074077 0.6584046138888889 0.2569114648148148 0.6442283902777778 0.2535533194444444 0.643226423611111 0.25683919907407404 0.6817908083333334 0.26030026759259256 0.6857385875
2 0.1742438212962963 0.6014150583333333 0.15597237037037037 0.593488413888889 0.15383053333333332 0.5949943583333334 0.15942166759259258 0.6356851277777777 0.17456445185185185 0.6545582916666667 0.1742438212962963 0.6014150583333333
2 0.18054622592592592 0.6059355069444444 0.1829995685185185 0.6635925819444444 0.1945390611111111 0.6295805666666666 0.19343725555555555 0.6106067972222222 0.18054622592592592 0.6059355069444444
2 0.18108019814814813 0.5584097708333333 0.18095302592592594 0.5861743583333333 0.19312014444444445 0.5952496625 0.19074429351851852 0.5586532361111111 0.18108019814814813 0.5584097708333333
2 0.1780635324074074 0.5034721208333334 0.18067240740740742 0.5467380819444444 0.19140741944444445 0.5462285763888889 0.19019316944444445 0.5051937305555556 0.1780635324074074 0.5034721208333334
2 0.732065912962963 0 0.7108347861111111 0.0367220875 0.7156068953703704 0.15218404305555555 0.8283324787037036 0 0.732065912962963 0