2 0.24922571666666665 0.020409806944444445 0.27026928055555555 0.5490575333333333 0.21401835277777778 0.5594690222222223 0.22218536759259258 0.655119888888889 0.29545466481481486 0.6530459208333333 0.3566304064814815 0.6639016666666667 0.36224469444444446 0.6772822625 0.36579326018518515 0.8064688666666667 0.475968487962963 0.7558812375 0.46739662685185185 0.5289537083333333 0.4193100083333333 0.5428699708333333 0.3758584351851852 0.5421391875 0.361540075 0.16915077222222222 0.3765692009259259 0.1665871125 0.37605522685185183 0.14266947638888888 0.37215754814814817 0.1415936861111111 0.371371212962963 0.12829428611111113 0.40718769074074074 0.1222535736111111 0.4349685509259259 0.1255984513888889 0.4369577953703704 0.13649963055555556 0.45169979444444447 0.13372790694444445 0.4493686277777778 0.0037547749999999997 0.24922571666666665 0.020409806944444445
2 0.004198330555555556 0.6078329444444445 0.01724171574074074 0.9651719180555555 0.030525143518518517 0.961727925 0.094361075 0.9320575833333333 0.09435117962962963 0.9023158680555555 0.09462566944444445 0.7663078222222222 0.08629397407407408 0.591780223611111 0.004198330555555556 0.6078329444444445
2 0.12247367592592592 0.7641186430555555 0.12381432407407407 0.8983998791666666 0.2001447962962963 0.8612025180555556 0.19727356296296297 0.7630380236111112 0.12247367592592592 0.7641186430555555
2 0.31323228981481477 0.7411235861111111 0.27115463148148145 0.7676290722222223 0.2756126601851852 0.8472706583333333 0.3399129805555556 0.8174183722222222 0.3365410018518519 0.7368914888888889 0.31323228981481477 0.7411235861111111
2 0.22425849444444446 0.768115975 0.2225068166666667 0.8618443625000001 0.24695732037037038 0.858322426388889 0.24113452685185188 0.7715888444444444 0.22425849444444446 0.768115975
2 0.15613837222222224 0.640684225 0.11762497685185186 0.657310475 0.12107916203703703 0.6922354333333334 0.14956727592592592 0.676397288888889 0.19537689444444445 0.6607973111111112 0.19451287870370368 0.6360677 0.15613837222222224 0.640684225
2 0.46735810370370373 0.5253360611111111 0.47588980370370376 0.7568178763888889 0.636866787037037 0.7632442347222222 0.6310804666666667 0.5213700513888889 0.46735810370370373 0.5253360611111111
2 0.5256087990740741 0 0.44956829074074073 0.005415840277777777 0.45218721203703705 0.13529163055555557 0.4669849814814815 0.1377926263888889 0.48058156574074073 0.1425255388888889 0.4818262037037037 0.17204723194444446 0.4944127564814815 0.17227920555555556 0.5023389787037037 0.39303923194444446 0.5048371027777777 0.3913160708333333 0.5066019990740741 0.3991165861111111 0.531073437037037 0.39780355833333336 0.5376006916666667 0.40156542500000003 0.5597144694444445 0.4792195888888889 0.5911275638888889 0.47522337361111106 0.5974817194444445 0.37639922222222216 0.6740639055555555 0.37160039305555553 0.6744451027777778 0.34667216666666667 0.6091089990740741 0.3512183583333333 0.6091049305555555 0.3510433013888889 0.6748558925925926 0.34663987361111115 0.67461025 0.37497853750000004 0.6698685564814815 0.4750590138888889 0.7105983981481482 0.4736271319444444 0.7119342435185185 0.5000715138888889 0.7022191907407407 0.5049651361111112 0.7116955268518519 0.7644042472222221 0.7805851861111112 0.7672485277777779 0.7851429083333333 0.6972718263888888 0.8105819564814815 0.37608930555555553 0.8178528287037038 0.3719778111111111 0.8196388462962964 0.3405681222222222 0.7605262555555555 0.3463950347222222 0.7628025194444444 0.22290890833333335 0.8735718157407408 0.21007124305555555 0.8828798879629629 0.33500665 0.8238742046296296 0.3394213986111111 0.8247898425925926 0.35871725138888894 0.8279926453703704 0.3605406 0.8276678898148148 0.37197931805555556 0.83422995 0.3731927333333333 0.901869862037037 0.7729415458333334 1 0.7763806888888889 1 0.5533146777777778 0.9821158398148149 0 0.5256087990740741 0
2 0.8239719935185186 0.7676166097222221 0.8964448407407407 0.7701878430555555 0.8281459055555556 0.39139224166666664 0.8239719935185186 0.7676166097222221
2 0.8156404916666667 0.5672847347222223 0.797840037962963 0.6424640347222221 0.7871045351851852 0.7673346513888889 0.8176834324074075 0.7655668277777778 0.8156404916666667 0.5672847347222223
2 0.7988766972222222 0.6216892388888888 0.8149031203703704 0.5653433847222222 0.8164303333333334 0.4474707055555555 0.7988766972222222 0.6216892388888888