2 0.5742095583333334 0.10273639305555556 0.480911837037037 0.7089116319444445 0.48838267777777783 0.7105444152777778 0.5036103666666666 0.6055861763888889 0.5361617046296295 0.6168587791666666 0.5550799157407408 0.6043224722222222 0.7105052268518518 0.658146613888889 0.7233426555555555 0.6831115513888889 0.7515648935185185 0.6924077819444445 0.7401990277777778 0.7662542430555555 0.7499442194444444 0.759130775 0.8399211407407408 0.1803628458333333 0.5742095583333334 0.10273639305555556
2 0.45804548333333334 0.7023019013888889 0.480623949074074 0.7096923569444444 0.5739435203703704 0.10051913611111112 0.47252391388888887 0.07117867638888889 0.40429647222222226 0.513566275 0.458909712037037 0.537192675 0.4042651037037037 0.5137696666666667 0.3799384546296296 0.6718251041666666 0.3976892546296296 0.6790435458333334 0.4014831314814815 0.6507895305555556 0.4151190398148148 0.6477983263888889 0.41546519537037035 0.6545602527777779 0.44011909814814815 0.6628836958333333 0.44654058055555557 0.6698211833333333 0.462846787037037 0.6638980347222222 0.45804548333333334 0.7023019013888889
2 0.8400785268518518 0.18003734305555558 0.7692193546296296 0.6305124722222222 0.8102751518518518 0.6413020319444445 0.8137585870370371 0.6285814708333334 0.8218569675925925 0.6183161152777779 0.8298125638888889 0.6152861444444445 0.833099949074074 0.5939273013888889 0.8268985055555556 0.59006565 0.8352072342592592 0.533378775 0.8523871629629629 0.5388997055555556 0.8448868972222222 0.5939382138888889 0.8385297935185185 0.5955934097222222 0.8364771944444443 0.6152372638888889 0.8449316935185185 0.6305921402777778 0.8421838703703703 0.6538519125 0.8321987842592592 0.6664635347222222 0.8177462120370371 0.6612443152777778 0.8098488287037038 0.6413686541666667 0.7694200805555556 0.6310105027777778 0.7498900592592592 0.7588023222222222 0.7672230055555556 0.7453071263888889 0.7817823777777778 0.7516346291666666 0.7757427648148149 0.7737544458333333 0.7890056148148149 0.7867035305555556 0.7959748601851852 0.8054007347222222 0.7981550675925926 0.8290815375 0.7936955129629629 0.8517485333333334 0.8015525083333332 0.8574690652777779 0.8165539925925926 0.8483087111111112 0.8099578046296296 0.8136712166666666 0.816994612962963 0.7931822875 0.8281223222222223 0.7884654499999999 0.8378133685185185 0.8111048569444445 0.8338594259259259 0.8223769222222223 0.8267746388888889 0.8539907402777778 0.837403175925926 0.8615281027777778 0.8386645944444444 0.8677499472222222 0.8445998157407408 0.8697688597222222 0.9458297740740741 0.20886079583333333 0.8400785268518518 0.18003734305555558
2 0.46840445277777776 0.06408926666666667 0.3518959814814815 0.02870019166666667 0.24227078333333332 0.7454267930555556 0.25723612777777777 0.7509634763888889 0.26438236851851854 0.6762339027777778 0.2780481537037037 0.6604257930555556 0.2820435027777778 0.6359565625 0.29399236944444446 0.6372612972222222 0.29387234351851854 0.6260797861111111 0.29028539259259256 0.604156175 0.2829657509259259 0.5577767125 0.2814552462962963 0.5084454180555555 0.28593131666666666 0.4691193013888889 0.2895328833333333 0.4698798388888889 0.29009778703703704 0.51143835 0.3049584212962963 0.49838495277777783 0.3076607333333333 0.4529943430555556 0.31641394907407405 0.40308111111111106 0.32518861851851855 0.33911193055555555 0.32367707314814814 0.4080781208333333 0.3125276731481481 0.4596433194444445 0.3356828527777778 0.40313591666666665 0.3460177398148148 0.39513330277777775 0.32630037222222225 0.45365848888888893 0.31139682592592594 0.4948237847222222 0.29987797685185186 0.5139979944444444 0.2906129759259259 0.5463615819444444 0.29892453055555557 0.5897755166666667 0.31671118981481483 0.5611902583333334 0.3293394314814815 0.5208915333333333 0.32481028148148144 0.5085687291666667 0.33485709166666666 0.5128752194444444 0.323828575 0.563655025 0.29974925 0.5983336958333333 0.3010394444444444 0.6351798291666667 0.330003762037037 0.5757205958333333 0.3072858 0.6398247305555556 0.30721462962962964 0.6472454013888889 0.3035881712962963 0.6708072805555556 0.3081670361111111 0.6897653625 0.30717852500000004 0.7101044805555555 0.28857395185185186 0.7648787402777777 0.3466506861111111 0.7841635875 0.36396166296296295 0.6751696055555556 0.3777592175925926 0.6725024125 0.4714924509259259 0.07045583055555556 0.46840445277777776 0.06408926666666667
2 0.1544479 0 0.19407300648148149 0.03866446111111111 0.1342179527777778 0.4213965513888889 0.1340317287037037 0.4213284861111111 0.07778657407407408 0.7867652861111111 0.16885266296296295 0.7637172111111111 0.2224914138888889 0.4481978305555555 0.27304432500000003 0.1250220375 0.3227514046296296 0.17015535555555555 0.27659909166666663 0.4647395152777778 0.2226383583333333 0.4485624222222222 0.1692382324074074 0.7638507333333333 0.24267829999999999 0.7450089472222222 0.3520707740740741 0.028476058333333335 0.3302084740740741 0 0.1544479 0
2 0.26679168703703704 0.11815117777777778 0.21851706203703702 0.4502722458333333 0.22196832592592594 0.44895779583333334 0.27289738148148146 0.12465744722222222 0.26679168703703704 0.11815117777777778
2 0.37156820462962964 0.7316506111111112 0.36380375648148144 0.7860558652777778 0.3962926111111111 0.7979342388888889 0.39889604074074075 0.7796998777777778 0.3960501175925926 0.7784006236111111 0.39737946574074073 0.7697635666666667 0.41169818425925925 0.7624877236111112 0.41698303148148147 0.7492600916666666 0.37156820462962964 0.7316506111111112
2 0.861154087962963 1 0.9811954638888888 0.21457576388888888 0.947314875 0.2044287263888889 0.8304501333333333 0.989604425 0.8324572731481481 1 0.861154087962963 1
2 1 0.3543901291666666 0.9799110601851853 0.34865647083333334 0.8788493425925926 1 0.9094860046296296 1 1 0.3938907138888889 1 0.3543901291666666
2 1 0.16042913472222223 0.9972334101851853 0.15949019583333335 0.981851825 0.21031124444444443 0.86101615 1 0.8780681398148148 1 0.9795920731481481 0.3496734152777778 1 0.32391572083333336 1 0.16042913472222223
0 0.48698949722222223 0 0.4903255083333334 0.007054998611111111 0.8307108268518518 0.10249564027777779 0.5319936777777778 0 0.48698949722222223 0
0 0.46047245000000003 0 0.457601412037037 0.021523479166666668 0.8695520657407407 0.14735625416666667 0.8736163203703704 0.11623213194444444 0.4882573675925926 0.006338797222222222 0.48508676388888883 0 0.46047245000000003 0
0 0.4060352527777778 0 0.4217245453703704 0.028169479166666667 0.9163334185185185 0.1736527513888889 0.9251559222222222 0.13520219305555556 0.8749950824074074 0.1167096 0.8716202064814815 0.14807245555555554 0.4558611083333333 0.018677252777777778 0.4435597416666666 0 0.4060352527777778 0
0 0.3681923111111111 0 0.39467941018518515 0.04348281527777778 0.40143377407407405 0.004316056944444444 0.39851547407407406 0 0.3681923111111111 0
0 0.9677335805555555 0.15106871111111111 0.9626474944444445 0.16052517638888888 0.9644889175925926 0.17686776666666668 0.9825384027777777 0.15395209861111112 0.9677335805555555 0.15106871111111111
0 0.9249920037037037 0.13626720555555555 0.9197757064814814 0.15128747083333333 0.9607769777777778 0.16324274722222223 0.9678974990740741 0.1500036986111111 0.9249920037037037 0.13626720555555555
0 0.997540850925926 0.16026925972222222 0.9823744842592593 0.1550171125 0.9636356185185185 0.1776940472222222 0.9872384666666667 0.1847459875 0.997540850925926 0.16026925972222222
0 0.9617651027777777 0.18041161666666666 0.9471625175925926 0.20452095555555555 0.9816315324074074 0.21645765416666668 0.985695787037037 0.18533353333333333 0.9617651027777777 0.18041161666666666
0 0.39572737685185183 0.03942949027777778 0.949900874074074 0.19758804027777777 0.9630192527777779 0.17878214861111114 0.9620720314814816 0.164719525 0.9201912629629629 0.1509028486111111 0.9163780564814815 0.17567806249999998 0.4211070537037037 0.028886859722222224 0.4086567333333333 0.00843039861111111 0.40184015092592595 0.005603002777777778 0.39572737685185183 0.03942949027777778
0 0.33112903981481484 0 0.33732162499999996 0.008147397222222222 0.33647466296296297 0.008543301388888888 0.3506821759259259 0.026964441666666665 0.3931294398148148 0.0408137875 0.367735187037037 0 0.33112903981481484 0