2 0.5795053 0.11548513055555555 0.6154834564814815 0.11870583055555556 0.6151622231481481 0.13204873472222223 0.6113074212962962 0.13342903333333334 0.6116286537037037 0.15735424027777778 0.6267266296296297 0.15873454027777778 0.6254416962962963 0.5323358361111111 0.5820751694444444 0.5364767375 0.5335689046296296 0.5263545347222222 0.532926437037037 0.7536439930555556 0.6447157083333334 0.7955131041666668 0.6437520074074073 0.6662249694444444 0.6488917444444444 0.6524219680555555 0.7096048824074075 0.6367785625 0.7828461287037037 0.6330977611111112 0.7876646314814815 0.5369368375 0.7311275296296297 0.5309555361111111 0.7336973981481482 0.0013803013888888888 0.5332476712962962 0.0004601 0.5354545453703704 0.13043811388888887 0.5502730481481481 0.13204873472222223 0.5518792166666666 0.12100633055555554 0.5795053 0.11548513055555555
2 0.9849414388888889 0.9242395194444444 0.998326825925926 0.9266359916666667 0.998884550925926 0.5687627819444445 0.9163413268518519 0.5591768916666667 0.9141104287037037 0.7341193763888889 0.91912995 0.8699194791666667 0.920157775925926 0.8996212124999999 0.9849414388888889 0.9242395194444444
2 0.811489125 0.7389123222222223 0.812046849074074 0.8371676888888888 0.8895705518518519 0.8683218305555556 0.8862242055555556 0.7341193763888889 0.811489125 0.7389123222222223
2 0.6949247074074074 0.7261311347222222 0.6715002787037037 0.7237346625000001 0.6709425546296297 0.8044159 0.7361963194444445 0.8291794472222221 0.7378694925925926 0.7492970347222223 0.6949247074074074 0.7261311347222222
2 0.7679866148148148 0.7508946833333334 0.7651979916666666 0.8379665125 0.7897378694444444 0.8395641611111111 0.7847183490740741 0.746101738888889 0.7679866148148148 0.7508946833333334
2 0.8873396546296296 0.6270769430555556 0.8482989398148149 0.6134969319444444 0.809815950925926 0.6118992833333333 0.809815950925926 0.6366628319444445 0.8561070824074074 0.6486451944444445 0.8851087564814815 0.6622252041666666 0.8873396546296296 0.6270769430555556
2 0.3698447888888889 0.5316310972222222 0.37250554351851856 0.7736280486111111 0.5330376935185185 0.7545731708333333 0.5334811527777777 0.5227388222222222 0.3698447888888889 0.5316310972222222
2 0.16759102962962963 0.3864804375 0.170725825 0.3844081555555555 0.17096696388888888 0.36506686527777776 0.11188811203703704 0.36529034583333336 0.11682435185185185 0.2397954375 0.2278897574074074 0.24391968333333333 0.2344714111111111 0.36705788055555555 0.17523652777777776 0.36587952500000004 0.17811600185185186 0.39710595833333334 0.18552036203703703 0.40064102638888893 0.22213081018518518 0.7193863125 0.2291238175925926 0.788909313888889 0.2978198268518519 0.7806608222222222 0.29823118055555553 0.5208333333333334 0.28835869999999997 0.5167090875 0.28877005370370373 0.49019607777777774 0.3294940351851852 0.4884285444444444 0.3212669685185185 0.38885746666666665 0.3200329083333333 0.3605769236111111 0.3858474 0.3598126083333334 0.38584944444444447 0.3599877444444444 0.3204442620370371 0.3605769236111111 0.32169469907407405 0.3854410611111111 0.39833936574074075 0.38422131111111113 0.40813285092592594 0.48241120138888893 0.439642325 0.48393588888888883 0.45901639351851853 0.4046521277777778 0.46540344907407405 0.4003830013888889 0.489887162037037 0.3997731263888889 0.491377475 0.39184475 0.4939322972222222 0.39336943750000003 0.4941451990740741 0.17228971527777778 0.5067064083333334 0.1710699652777778 0.5069193101851852 0.14149102222222223 0.5203321268518519 0.13569720972222224 0.5350223546296297 0.13203795833333334 0.533106237962963 0.0021345625 0.001014799074074074 0.006056201388888889 0.003128963888888889 0.8160731583333334 0.10820399074074073 0.8041158541666668 0.16180371388888887 0.39960488472222216 0.16831444444444443 0.39787798472222224 0.16759102962962963 0.3864804375
2 0.11352549907407408 0.8009400402777778 0.18580931296296296 0.7926829263888889 0.16851441296296296 0.41730182916666664 0.11352549907407408 0.8009400402777778
2 0.19201773796296295 0.7901422763888888 0.22261640833333335 0.7895071138888888 0.20753880277777778 0.6656504069444444 0.1871396898148148 0.5919715444444444 0.19201773796296295 0.7901422763888888
2 0.18780831574074072 0.5899749680555555 0.20577871759259259 0.6449854652777778 0.1821705425925926 0.47238372083333335 0.18780831574074072 0.5899749680555555