2 0.2549208444444444 0.6030566652777778 0.2711731768518518 0.5830632666666666 0.430686812037037 0.5830632666666666 0.4472401138888889 0.601661776388889 0.4806476851851852 0.601661776388889 0.47974477870370374 0.7090681694444445 0.4872690064814815 0.7099980944444444 0.4872690064814815 0.08787795555555555 0.21672615925925928 0.07385669722222223 0.21760067407407407 0.6681514472222223 0.22602780925925928 0.6783806277777777 0.22602780925925928 0.6025917013888888 0.2549208444444444 0.6030566652777778
2 0.5605405407407408 0.6726513569444444 0.5733783787037037 0.6801670152777778 0.572837837962963 0.7089770361111111 0.5912162166666667 0.7079331944444445 0.5912162166666667 0.54572025 0.5344594592592593 0.5501043847222222 0.5912161537037037 0.5455114861111111 0.5910810814814815 0.09144050138888889 0.48786074166666665 0.08580729583333334 0.48743243240740736 0.71085595 0.5105405407407407 0.7112734861111111 0.5116216212962963 0.6722338208333334 0.5266216212962963 0.6835073069444445 0.5339189185185185 0.6789144055555556 0.5591891888888888 0.6791231736111111 0.5605405407407408 0.6726513569444444
2 0.12851351388888888 0.7346555319444446 0.12635135092592595 0.7014613777777777 0.12418918888888889 0.68914405 0.13702702685185186 0.6703549055555555 0.14716216203703705 0.6787056361111111 0.1509459462962963 0.7010438416666667 0.13932432407407408 0.73256785 0.1525675675925926 0.746555323611111 0.16108108148148148 0.7436325680555556 0.16013513518518518 0.7200417541666667 0.1658108111111111 0.6977035486111112 0.17540540555555556 0.6818371611111111 0.19027027037037036 0.6736951986111112 0.18770270277777779 0.6501043847222222 0.20283783796296295 0.648851775 0.21770270277777778 0.6678496875 0.21783783796296294 0.5367432152777778 0.17689189166666666 0.5331941541666667 0.16621621666666667 0.5498956152777777 0.15135135092592594 0.5501043847222222 0.1435135138888889 0.5344467638888889 0.14432432407407408 0.51085595 0.15486486481481482 0.49874739027777776 0.1558108111111111 0.4789144055555556 0.1498648648148148 0.47515657638888886 0.1508108111111111 0.4189979125 0.1683783787037037 0.41941544861111113 0.16797297314814813 0.4774530277777778 0.16135135092592592 0.4791231736111111 0.16135135092592592 0.5010438416666667 0.1686486490740741 0.5066805847222222 0.175 0.5194154486111111 0.1764864861111111 0.5329853861111111 0.21810810833333333 0.5363256791666667 0.21662162129629628 0.07348643055555555 0.10925819444444444 0.06588785833333334 0.10877899166666667 0.7440145694444443 0.11486486481481481 0.7440501041666667 0.11702702685185186 0.738413361111111 0.12851351388888888 0.7346555319444446
2 0.6662840444444444 0.8294306833333334 0.6563706564814815 0.7697826069444444 0.6584576851851852 0.7496312291666666 0.665762287962963 0.7327040736111111 0.665762287962963 0.7085224194444445 0.6668058009259259 0.701267925 0.6542836268518518 0.6311411319444444 0.6735886462962962 0.6988497597222222 0.6803714907407407 0.6633833361111111 0.6621099861111112 0.6214684722222222 0.6589794435185186 0.5682688347222222 0.6694145879629629 0.5674627805555555 0.663153500925926 0.5779414972222222 0.6694145879629629 0.6214684722222222 0.6824585203703704 0.6553227847222222 0.697067724074074 0.6158260861111111 0.6928936666666666 0.5811657166666667 0.6845455500000001 0.558596175 0.6761974324074074 0.5134570902777778 0.665762287962963 0.44977873749999997 0.6746321611111111 0.46106350972222226 0.6887196083333333 0.5239358055555556 0.6855890638888888 0.46993011527777784 0.694458937962963 0.40222148888888887 0.6934154231481481 0.46751195 0.694458937962963 0.5190994763888889 0.6902848796296296 0.5642385597222221 0.7028070537037037 0.5819717722222222 0.709589899074074 0.5416690166666667 0.7132132138888889 0.542143236111111 0.7116769287037037 0.5819717722222222 0.7028070537037037 0.6295290236111111 0.6887196083333333 0.6722499416666666 0.6819367638888889 0.6924013194444445 0.6801429527777778 0.70325575 0.691981237962963 0.7060163208333333 0.692204600925926 0.7312065430555555 0.7031494314814815 0.7512206916666667 0.6989055175925926 0.8264462819444445 0.7143176231481482 0.8261012083333333 0.7149877148148148 0.09075380833333334 0.5961581416666666 0.08592280833333334 0.5921945111111111 0.09108422499999999 0.5932380259259259 0.7093284763888889 0.6062819583333334 0.7165829708333333 0.6068037148148149 0.8286246277777778 0.6662840444444444 0.8294306833333334
2 0.9986486490740741 0 0.8197601583333333 0.006912855555555555 0.7148510148148148 0.09047643888888889 0.7139832138888889 0.8255565652777778 0.7827153648148147 0.8686960694444446 0.777966838888889 0.5434699541666667 0.7229630796296296 0.5410246444444444 0.7221716592592592 0.23841764027777776 0.7773732740740741 0.2112135763888889 0.7781646944444445 0.5431642902777778 0.7831110759259259 0.8686960694444446 0.8683866879629629 0.9218815430555556 0.8683866879629629 0.5468322541666667 0.8681950296296296 0.5468357388888888 0.8672713814814815 0.15371636111111112 0.9926878935185185 0.08508021944444445 0.9926878935185185 0.9001344138888888 0.9986486490740741 0.8997912319444444 0.9986486490740741 0
2 0.7775711287037037 0.21090791250000002 0.7785604055555555 0.5440812819444444 0.781726088888889 0.5465265902777777 0.784496062037037 0.2066286222222222 0.7775711287037037 0.21090791250000002
2 0.5565668166666667 0.806646351388889 0.5563689611111111 0.8252918333333332 0.5898064972222222 0.8246805055555555 0.5904000638888889 0.7690497222222221 0.5435083685185186 0.7708837041666666 0.5466740527777777 0.7855555597222222 0.5595346444444445 0.7974764402777778 0.5595346444444445 0.8063406875 0.5565668166666667 0.806646351388889
2 0.10847582314814816 0.06106826944444445 0.07394186666666666 0.05952302777777778 0.07310810833333332 0.8755741125000001 0.10094594629629629 0.8753653444444445 0.10459459444444445 0.8655532361111112 0.10847582314814816 0.06106826944444445
2 0.05508562037037037 0.1906006472222222 0.028896821296296296 0.1890731486111111 0.025740025925925926 0.9146038375000001 0.055945946296296296 0.9177453027777778 0.05508562037037037 0.1906006472222222
2 0 0.08141962361111112 0.05524392314814815 0.1916991625 0.056756756481481485 0.9164926930555555 0.07324324351851852 0.8768267222222222 0.07394186666666666 0.055146334722222225 0.06657600925925926 0.0004376708333333333 0 0 0 0.08141962361111112
2 0.02776749351851852 0.18874939305555555 0.05553498611111111 0.1901793111111111 0.0018511666666666668 0.07578574166666667 0 0.12869276805555557 0.02776749351851852 0.18874939305555555
0 0.5989175037037038 0.002186054166666667 0.23737795370370374 0.0010930277777777778 0.5833522000000001 0.022953577777777776 0.5989175037037038 0.002186054166666667
0 0.5982099907407407 0 0.5925498796296297 0.012023302777777776 0.6130677796296297 0.014209359722222223 0.6265105416666666 0 0.5982099907407407 0
0 0.6272180555555555 0.0010930277777777778 0.6123602666666668 0.015302386111111111 0.6151903212962962 0.04700018611111111 0.6611787175925926 0 0.6272180555555555 0.0010930277777777778
0 0.19351209907407407 0 0.19280458518518517 0.0316978 0.6130677796296297 0.0480932125 0.6137752935185184 0.012023302777777776 0.5932573935185185 0.013116331944444445 0.5854747416666667 0.022953577777777776 0.19351209907407407 0
0 0.6635135138888889 0 0.6151903212962962 0.04590715833333333 0.19068204351851853 0.0316978 0.19209707037037035 0 0.14044856388888888 0.0010930277777777778 0.1432786185185185 0.04153504861111111 0.6470284416666666 0.06667468333333333 0.705752087962963 0 0.6635135138888889 0
0 0.7050445731481482 0 0.6633012592592593 0.04590715833333333 0.6710839111111111 0.04918624027777778 0.7206098768518518 0 0.7050445731481482 0
0 0.7213173907407407 0.003279083333333333 0.6703763972222223 0.05027926944444444 0.6710839111111111 0.0907212875 0.7588156212962963 0 0.7213173907407407 0.003279083333333333
0 0.08172491851851851 0 0.09587519444444444 0.02841871666666667 0.10012027685185185 0.013116331944444445 0.09658270833333334 0.002186054166666667 0.08172491851851851 0
0 0.09658270833333334 0.0010930277777777778 0.10153530555555555 0.01639541388888889 0.1432786185185185 0.018581469444444443 0.14044856388888888 0.002186054166666667 0.09658270833333334 0.0010930277777777778
0 0.07252723888888889 0.02841871666666667 0.09658270833333334 0.029511745833333332 0.08172491851851851 0.0010930277777777778 0.0661596148148148 0.0010930277777777778 0.07252723888888889 0.02841871666666667
0 0.07394226666666666 0.029511745833333332 0.07323475277777777 0.061209544444444444 0.10861044351851852 0.061209544444444444 0.09799773611111111 0.03279082638888889 0.07394226666666666 0.029511745833333332
0 0.14293139351851852 0.01806648472222222 0.10005197592592592 0.017397355555555556 0.09702009722222223 0.0307799375 0.10698198240740742 0.053530325000000004 0.6706706703703704 0.0864182375 0.6697874351851852 0.051396108333333336 0.6627215444444445 0.05185094166666667 0.6475225231481482 0.06758203611111112 0.14293139351851852 0.04349338888888889 0.14293139351851852 0.01806648472222222
0 0.7967342333333334 0.023679734722222224 0.790777774074074 0.013031049999999999 0.7911305814814814 0.012791229166666668 0.7909535027777778 0.012488090277777777 0.780409799074074 0.011130687499999998 0.7770709592592593 0.005972563888888888 0.7816398972222223 0.0010859208333333333 0.7865713537037037 0.0005996305555555555 0.7598670092592593 0.0008284444444444445 0.6729944231481482 0.08864366805555556 0.7164307166666667 0.08947211527777778 0.733036662037037 0.0763171 0.7322707796296296 0.07564555555555555 0.7967342333333334 0.023679734722222224