2 0.6488347453703704 0.5189669097222223 0.6616093000000001 0.5227743263888889 0.669912438888889 0.5308258569444444 0.6789704111111111 0.5354267305555556 0.6910477046296296 0.5480791361111111 0.7212409425925925 0.5406027138888889 0.7212409425925925 0.5095468138888889 0.6480223435185185 0.5089717041666667 0.6491545888888889 0.41982976666666666 0.717466787037037 0.41925465972222226 0.7182216185185185 0.49286864583333334 0.7261473435185185 0.4922935361111111 0.7235054342592592 0.4830917875 0.7291666675925926 0.4503105597222223 0.7404891296296296 0.2024384638888889 0.7446406999999999 0.1627559236111111 0.7272795888888889 0.17080745277777776 0.7269021731481482 0.0534851625 0.675951087962963 0.05463538055555556 0.675951087962963 0.2731769041666667 0.6857638888888888 0.2846790875 0.688783212962963 0.29445594722222224 0.7212409425925925 0.3479411097222222 0.6838768111111111 0.38187255416666666 0.6619867157407407 0.37842190000000003 0.6163194435185185 0.3513917638888889 0.6695350231481481 0.27202668611111114 0.6714221018518518 0.05521049027777778 0.35434322037037036 0.054075866666666667 0.3522245768518518 0.5270379333333334 0.40836864351851854 0.5173527041666667 0.6334745768518519 0.5213882166666667 0.6488347453703704 0.5189669097222223
0 0 0.05238095277777778 0.6709754796296296 0.05533556666666667 0.6716417907407408 0.03350594027777778 0.6623134324074074 0.02335262361111111 0.6656449888888888 0.017768302777777776 0.6729744138888889 0.013199309722222222 0.6806369935185185 0.016752969444444443 0.6829690824074075 0.027921616666666666 0.675972813888889 0.03299827361111111 0.6763059703703703 0.05482790277777778 0.7272787842592593 0.05330490416666667 0.7608251638888889 0.0023342666666666665 0 0.0047619041666666665 0 0.05238095277777778
2 0 0.6838905791666666 0.03947805740740741 0.6845238097222223 0.03740026574074074 0.6560283694444444 0.03282912222222222 0.6395643361111111 0.03989361759259259 0.6313323194444445 0.03989361759259259 0.5813069902777778 0.029920212037037035 0.5749746708333333 0.02950465462962963 0.5515450861111111 0.04363364351851852 0.5357142861111112 0.04280252685185185 0.4945542041666667 0.09059175462962964 0.5034194527777778 0.11594082500000001 0.49645389999999995 0.13505651574074076 0.4882218833333333 0.14710771203703704 0.5407801430555556 0.17079454814814815 0.5585106375 0.1699634314814815 0.4730243166666667 0.15708111759259258 0.4692249236111111 0.16289893611111111 0.46099290694444445 0.1815990685185185 0.46225937083333335 0.18492353796296296 0.4578267472222223 0.21027260648148147 0.4578267472222223 0.2094414888888889 0.4369300902777778 0.20570146203703704 0.4432624125 0.19697473425925924 0.44262917916666666 0.19323470740740742 0.4299645375 0.18907912222222223 0.35397669722222225 0.19365026574074076 0.34447821666666667 0.21068816574074073 0.3419452875 0.21692154259259258 0.32294832916666666 0.22523271203703704 0.3337132708333333 0.22107712777777777 0.3482776097222222 0.22772606388888889 0.3565096263888889 0.22772606388888889 0.3698074972222222 0.21983045185185185 0.4033687958333333 0.2530751324074074 0.4046352597222222 0.25390625 0.37930597916666664 0.3312001324074074 0.37930597916666664 0.3282912231481482 0.4666919958333333 0.34366688888888886 0.46605876388888895 0.34366688888888886 0.4749240125 0.33369348425925927 0.4787234041666667 0.3341090425925926 0.5414133736111111 0.3515625 0.5274822694444444 0.35447140925925924 0.05382472083333333 0 0.05476190416666667 0 0.6838905791666666
2 0.19690265462962964 0.5309734527777777 0.19607300925925925 0.5726927930555555 0.2425331861111111 0.5983986527777778 0.24280973425925925 0.5335018958333334 0.19690265462962964 0.5309734527777777
2 0.3138827435185185 0.6746734097222222 0.3160951324074074 0.5406658236111112 0.3125 0.5330804875 0.26631637222222226 0.5313948597222222 0.2596792027777778 0.5368731569444445 0.2571902657407407 0.5313948597222222 0.25027654814814815 0.5339233041666667 0.24972345185185185 0.6005056875 0.29258849537037035 0.6236831027777777 0.29258849537037035 0.6729877791666666 0.3138827435185185 0.6746734097222222
2 0.3155420361111111 0.48377581249999996 0.265763275 0.48630425694444446 0.2643805314814815 0.5162241875 0.2693584074074074 0.5229667097222221 0.3163716814814815 0.5246523375 0.3155420361111111 0.48377581249999996
2 0.24502212314814817 0.48040455277777777 0.19828539814814816 0.4795617361111111 0.19717920277777778 0.5162241875 0.20022123888888887 0.5204382638888889 0.2425331861111111 0.5229667097222221 0.24502212314814817 0.48040455277777777
2 0.23700221296296295 0.6451748833333333 0.2306415925925926 0.6106194694444445 0.202986725 0.5967130208333333 0.19607300925925925 0.6169405805555556 0.19607300925925925 0.6350611041666666 0.2253871685185185 0.6641382208333334 0.23700221296296295 0.6451748833333333
2 0.28069690277777776 0.6413822166666666 0.2522123888888889 0.624947323611111 0.24889380462962965 0.6236831027777777 0.25082964537037034 0.6624525902777778 0.25414822962962963 0.6666666666666666 0.2790376111111111 0.6700379263888888 0.28069690277777776 0.6413822166666666
2 0.15318197777777776 0.5663527694444445 0.1509905324074074 0.5676885069444444 0.15515427777777777 0.6087624375 0.16961781296296297 0.6287985041666666 0.17115182314814814 0.5757029305555555 0.15318197777777776 0.5663527694444445
2 0.17728786851851852 0.5807119472222222 0.1777261574074074 0.6384826027777778 0.1904365361111111 0.6054230958333333 0.18999824722222222 0.5863888333333332 0.17728786851851852 0.5807119472222222
2 0.17947931296296296 0.5332932625000001 0.17838359074074076 0.5610098166666667 0.19021739074074076 0.57102785 0.18912166851851853 0.5342950638888889 0.17947931296296296 0.5332932625000001
2 0.17838359074074076 0.4781940833333333 0.17947931296296296 0.5216055569444444 0.19021739074074076 0.5219394902777778 0.1904365361111111 0.4808655569444445 0.17838359074074076 0.4781940833333333
2 0.7267099064814815 0.053908354166666665 0.7274469342592593 0.16958670277777776 0.8652712268518519 0.0022461805555555555 0.7606132074074075 0.0011230902777777778 0.7267099064814815 0.053908354166666665