2 0.4725322981481481 0.5973663236111111 0.4629097574074074 0.7038070708333333 0.47030234814814814 0.7061055236111111 0.5208472629629629 0.08862257361111112 0.2534601759259259 0.025249509722222223 0.2060439648148148 0.6152743416666666 0.21357720277777778 0.6269677888888889 0.21973476759259258 0.5517437819444444 0.24837466203703706 0.5574870430555555 0.2661302398148148 0.5406136638888889 0.42445488518518515 0.5697733972222222 0.43937374166666665 0.5912592861111111 0.4725322981481481 0.5973663236111111
2 0.5868217064814815 0.5620541486111111 0.5301318111111112 0.5560302416666667 0.5868386055555556 0.5618469291666667 0.6235960953703704 0.11113582916666667 0.5216028212962963 0.08667552083333332 0.47039485833333333 0.7069868597222222 0.49329679907407403 0.7116255388888889 0.4975416472222222 0.6730744944444444 0.5115139111111111 0.687006011111111 0.5191299712962962 0.6837813194444444 0.5441949194444444 0.6886080375 0.5460620092592593 0.6824314944444445 0.558193537037037 0.6922379402777777 0.5553163194444445 0.7207344027777778 0.5736425166666667 0.7230579819444445 0.5868217064814815 0.5620541486111111
2 0.147250325 0 0.09186983055555556 0.6706789513888889 0.09790745277777778 0.6718267430555556 0.10051146296296297 0.6666272666666667 0.11221764074074074 0.6649972236111111 0.11276849444444445 0.6316552416666666 0.11162318518518519 0.6190344736111111 0.12589187870370372 0.6027321888888889 0.13527300277777776 0.6128734180555556 0.13721368796296296 0.6357368083333333 0.12311748518518519 0.6649013625 0.1351255861111111 0.6812054944444444 0.14381310462962962 0.6798608291666667 0.14479087407407407 0.6562729347222221 0.1522391388888889 0.6351387708333334 0.16305130092592593 0.6211445791666667 0.1784668685185185 0.6157806625 0.17783510462962962 0.5918963291666667 0.19295919444444443 0.5934198194444444 0.20616975 0.6149934819444444 0.21695578425925927 0.48488896111111107 0.17660339074074075 0.47388127083333337 0.16465036018518517 0.4885066847222222 0.1498793324074074 0.48599654166666667 0.14337204074074072 0.46902284166666663 0.1460934712962963 0.4457560902777778 0.15753921944444446 0.4356646388888889 0.16008947037037036 0.41615240833333333 0.1544931537037037 0.41133564722222227 0.1599947287037037 0.35576850416666667 0.17739742685185186 0.35939435000000003 0.17227970833333334 0.41692521527777776 0.16557175 0.4173724541666667 0.1637907787037037 0.4391297277777778 0.17057571944444444 0.4460584319444445 0.17584506851851853 0.45985942361111115 0.1762179685185185 0.4735999486111111 0.21725796296296296 0.4845239430555556 0.2533865 0.024862893055555554 0.15643124629629632 0 0.147250325 0
2 0.6475850611111111 0.7372701361111111 0.6492101962962963 0.730260475 0.6424788972222222 0.6583672916666666 0.65613895 0.7291002652777777 0.6657527490740741 0.6951381347222222 0.6510327879629629 0.6501974208333333 0.6522478490740741 0.59682205 0.662670700925926 0.5979295902777777 0.6556049268518518 0.6071856486111111 0.6582829416666667 0.6515327319444444 0.668479112037037 0.6875191819444444 0.6861883787037036 0.6509875069444444 0.6848614583333333 0.6158224569444445 0.6784092574074074 0.5918950749999999 0.6737907453703703 0.5455663819444444 0.6686070092592592 0.4804550902777778 0.6764939222222222 0.49327719722222224 0.6853682268518518 0.5582560944444445 0.686648775925926 0.5040806777777778 0.7009536055555555 0.4384981902777778 0.6946132657407408 0.5031112263888889 0.6914577101851852 0.5545049861111111 0.6836473842592592 0.598544575 0.694635462962963 0.6184347111111111 0.7046421972222222 0.5796722972222222 0.7081999759259259 0.5808053388888889 0.7034392231481482 0.6200561597222222 0.6907716157407408 0.6656374777777778 0.6733182629629629 0.7054647194444444 0.6649487527777778 0.7242259597222221 0.6622864314814815 0.7346715680555556 0.6738121898148148 0.7395756472222222 0.6719872768518519 0.7646189375 0.6812244527777778 0.7864846625 0.6709003768518519 0.8603737277777778 0.6862256388888889 0.8628486208333332 0.7466349388888889 0.1331048847222222 0.6290836037037038 0.10658737083333333 0.6247301722222222 0.11098574861111112 0.5755358944444444 0.7248124597222222 0.5878931990740741 0.7343973625000001 0.5793081046296296 0.8456992569444444 0.6382795879629629 0.8573725486111111 0.633286274074074 0.7963568722222222 0.6369949694444444 0.7767372166666667 0.6456203925925926 0.7612715444444444 0.6475850611111111 0.7372701361111111
2 1 0.0897237861111111 0.8574381851851852 0.06904169305555556 0.7465217925925925 0.13280459305555556 0.6859379722222222 0.8622469069444444 0.7506528824074074 0.9176293680555555 0.7723631462962963 0.5939593902777778 0.7179680490740741 0.5814773986111111 0.7417682055555556 0.28098130694444445 0.7987685833333333 0.26407109444444443 0.7725843611111112 0.5936921736111112 0.7510456435185184 0.9177017069444444 0.8313645046296296 0.9860794680555556 0.8618358453703703 0.6138257388888888 0.8616453324074074 0.6137941625000001 0.892668036111111 0.22343619027777778 1 0.1861361 1 0.0897237861111111
2 0.7989897972222223 0.2638038777777778 0.7729026203703704 0.5946746666666667 0.7758460351851852 0.5976804486111111 0.8062107898148149 0.2608223902777778 0.7989897972222223 0.2638038777777778
2 0.5211757842592593 0.7768180819444445 0.5231258388888889 0.791959276388889 0.5349220435185186 0.8061422680555554 0.5342018564814814 0.8149404430555556 0.5312313166666667 0.8147012972222222 0.5295200611111112 0.8331716291666666 0.5627580268518518 0.8386773750000001 0.5678669601851852 0.7835697611111111 0.5211757842592593 0.7768180819444445
2 0.11165478981481482 0 0.045776115740740746 0.7947370888888888 0.07342341574074075 0.7996187444444445 0.07784206481481482 0.7905467625 0.1464282824074074 0 0.11165478981481482 0
2 0 0.8260985680555556 0.025315627777777776 0.8334566291666666 0.083539475 0.11157472777777779 0.05766998703703704 0.10527119722222221 0 0.7737031430555557 0 0.8260985680555556
2 0.04036800277777778 0 0.08360734814814814 0.11269399305555555 0.02622216388888889 0.8323615750000001 0.04580847314814815 0.7960050638888889 0.11165366574074075 0 0.04036800277777778 0
2 0.038605238888888886 0 0.033894236111111115 0.04005842777777778 0.05657538148148149 0.10474340972222222 0.08401972314814815 0.11123867777777778 0.044350746296296296 0 0.038605238888888886 0
0 0.4535952990740741 0 0.6214891277777778 0.041746526388888885 0.6386256935185185 0.0239792 0.5105634407407407 0 0.4535952990740741 0
0 0.638101062962963 0.021680104166666665 0.6315062935185185 0.03257909722222222 0.6516936472222222 0.03849961388888889 0.6661906657407407 0.026853559722222222 0.638101062962963 0.021680104166666665
0 0.6668041018518518 0.02806777638888889 0.6509026037037038 0.039455156944444444 0.651136237037037 0.07143403194444443 0.7006004305555555 0.03319104027777778 0.6668041018518518 0.02806777638888889
0 0.32678984722222226 0 0.648940712037037 0.07213090138888889 0.6525734962962962 0.0364591875 0.6321197287037037 0.03379331527777778 0.6235958490740741 0.042134536111111114 0.4508472333333333 0 0.32678984722222226 0
0 0.26937379074074075 0 0.681138562037037 0.09678201388888888 0.7448415574074074 0.04133923194444444 0.7029178231481481 0.03361785138888889 0.6512250407407407 0.07034915138888889 0.32888823055555555 0 0.26937379074074075 0
0 0.7441393166666667 0.041209895833333336 0.6989773675925927 0.07914402361111111 0.7064355953703704 0.08382136388888889 0.7595885990740741 0.044055295833333334 0.7441393166666667 0.041209895833333336
0 0.7600244259259259 0.04743927361111112 0.7056445509259259 0.08477690972222222 0.7030610296296297 0.12504681527777778 0.7975095629629629 0.051039458333333336 0.7600244259259259 0.04743927361111112
0 0.2076871685185185 0 0.7030004759259258 0.12070029722222221 0.7049692398148147 0.08577775833333333 0.6979190638888888 0.08493752777777777 0.6815552416666667 0.09777292361111112 0.2616146472222222 0 0.2076871685185185 0
0 0.8180384546296297 0.06603468194444444 0.8151435805555555 0.06030465277777778 0.8200754833333334 0.05628965416666667 0.8250096907407407 0.05670847916666667 0.7984858064814815 0.052053926388888894 0.7051261000000001 0.12333393055555557 0.7481713175925926 0.13209653194444446 0.7657222796296296 0.12207520555555555 0.7650166666666667 0.12126865972222221 0.8332216462962962 0.0814743625 0.8281747518518519 0.0698161875 0.8285444138888889 0.06964264861111111 0.8283932833333334 0.0693093986111111 0.8180384546296297 0.06603468194444444