3 1 0.22814316944444443 0.9146364972222222 0.2842847013888889 0.8974581222222222 0.6527780166666667 0.9811141425925927 0.6853574041666667 0.9925241879629629 0.6865542069444445 1 0.5199259555555555 1 0.22814316944444443
3 0.8387778833333334 0.6466230333333333 0.8544663907407407 0.2925207541666667 0.6627565592592592 0.27637971805555556 0.6480671092592593 0.6266193388888889 0.7164046851851852 0.6364322472222222 0.8387778833333334 0.6466230333333333
3 0.5911395805555556 0.6180032333333334 0.6050753787037036 0.2663620763888889 0.4133655462962963 0.2502210402777778 0.3987988 0.5978285666666667 0.46701367222222223 0.6102735694444444 0.5911395805555556 0.6180032333333334
3 0.3398731555555556 0.5969377736111111 0.35731437222222223 0.24037437083333332 0.16560454074074074 0.22423333333333334 0.14928508425925927 0.5743019833333334 0.1589424212962963 0.5779599097222222 0.3398731555555556 0.5969377736111111
1 0 0.71923225 0.061649619444444435 0.6973581527777778 0.09046666111111111 0.18461251944444446 0.023706785185185188 0.12338827083333334 0 0.6812160597222222 0 0.71923225
2 1 0.12459058472222222 0.9507427 0.1597910638888889 0.9010184537037037 0.20747478611111111 0.8927631546296296 0.2264461263888889 0.8698177537037037 0.7186479138888889 0.8766006203703703 0.7312617152777777 0.9830941694444444 0.7834288111111112 0.987984188888889 0.7839417263888889 0.9916478333333333 0.6877847680555556 0.8972127166666667 0.6580422083333334 0.9130064907407407 0.28411372916666666 1 0.2252177625 1 0.12459058472222222
2 0 0.6022387777777778 0.0023390842592592594 0.5641787180555556 0.02295313425925926 0.1219867375 0.09209666851851853 0.1847834916666667 0.07088654074074073 0.6573300513888889 0.11186467500000001 0.63914605 0.12932332777777777 0.2997767513888889 0.13530088703703702 0.13641588333333335 0.024092981481481483 0.009695263888888889 0 0.48866580138888893 0 0.6022387777777778
2 0.12342367407407409 0.6454150291666667 0.8654359796296296 0.7248007222222222 0.8913785537037038 0.22101096388888888 0.13994550185185187 0.1421929875 0.11868306666666668 0.5631572361111111 0.11675469537037038 0.6396589652777778 0.12405800277777777 0.6437248125 0.12342367407407409 0.6454150291666667
2 0.6084580944444444 0.264071925 0.4144873064814815 0.24372628749999997 0.397205375 0.6010065361111111 0.34248003425925927 0.5968222444444444 0.3606970888888889 0.23808421944444444 0.16509629444444446 0.2175676097222222 0.14740967222222223 0.5793952027777778 0.14069720925925927 0.5993884472222223 0.1498279 0.5750590583333334 0.5865124018518518 0.6294202319444444 0.591717287962963 0.6242412694444445 0.5998863425925925 0.46551268749999997 0.6084580944444444 0.264071925
2 0.6471812611111112 0.5712155263888888 0.6440705777777778 0.5742042777777777 0.6485753564814815 0.6332850638888888 0.8360261166666666 0.6529468152777778 0.85685005 0.2940932597222222 0.6638783194444444 0.2698849652777778 0.6471812611111112 0.5712155263888888
0 0.022807380555555555 0 0.022585676851851852 0.006892197222222222 0.1386836037037037 0.13412573194444444 0.8876102935185185 0.2140032972222222 0.9579989416666665 0.14468238055555555 1 0.11624700694444444 1 0.05254664305555555 0.49903200277777776 0 0.022807380555555555 0