1 1 0.502458925 0.9937466388888889 0.2534142875 0.9266332805555556 0.2851332180555556 0.9281937074074074 0.42239004583333334 0.9340102898148148 0.6722377527777778 1 0.7006289 1 0.502458925
1 0.8745953157407408 0.6483727597222223 0.8626718555555556 0.3117820972222222 0.811774362037037 0.3377466736111111 0.8160305185185185 0.4503375527777778 0.8226765351851852 0.454894375 0.8235319157407408 0.4916366861111111 0.8155950583333333 0.501862323611111 0.81850335 0.6267861777777778 0.8665444092592592 0.653699425 0.8745953157407408 0.6483727597222223
1 0.6249757101851852 0.6712580194444444 0.6155769037037037 0.30265294722222225 0.5299303861111112 0.3108179222222222 0.5347567944444445 0.44790367361111105 0.5486190814814814 0.4815121930555556 0.5406252 0.4892883444444444 0.5378724444444445 0.5115048055555556 0.541122887962963 0.6511255847222223 0.5367941666666667 0.6758770708333333 0.5515481166666667 0.6775567166666667 0.6249757101851852 0.6712580194444444
1 0.12295783333333332 0.8434765208333334 0.20109258333333332 0.7584520777777778 0.2213624138888889 0.7512591361111111 0.21019065462962963 0.48207214444444446 0.21107711296296294 0.23923074722222223 0.13621351574074075 0.14873192638888888 0.12821963333333333 0.1565080763888889 0.11982657407407407 0.14713781805555556 0.11351233796296295 0.12171758472222223 0.10264127870370371 0.11125088888888889 0.09706837129629631 0.1176739888888889 0.10055211944444445 0.4780052388888889 0.10893484166666667 0.8380798763888889 0.11457514537037038 0.8696665972222222 0.12295783333333332 0.8434765208333334
2 0.534326537962963 0.7103409694444445 0.5253891027777777 0.18597960694444443 0.5186756888888889 0.14341296111111113 0.21848 0.1358390513888889 0.21831412685185186 0.3394031125 0.23093226203703704 0.7409479583333334 0.534326537962963 0.7103409694444445
2 0 0.5130913027777778 0.010825758333333334 0.9781050333333334 0.10652423796296297 0.8749932611111111 0.09340321203703704 0.10069865416666665 0.10404616944444443 0.1013674 0.20831398703703705 0.22588687361111112 0.21884289444444444 0.22165664583333333 0.21504294074074073 0.12866166666666665 0.14462211388888888 0.018310331944444445 0 0.02702317361111111 0 0.5130913027777778
2 0.8973431472222222 0.6422762527777778 0.8913658592592593 0.42064041944444447 0.8776279944444445 0.42749121111111116 0.88293135 0.6552935319444445 0.8912103574074075 0.6597648152777777 0.8973431472222222 0.6422762527777778
2 0.7905714175925926 0.6208918611111112 0.786937337037037 0.3243328194444445 0.8700384583333333 0.2770615861111111 0.8768866657407407 0.395647875 0.8795357416666667 0.404092775 0.8892766657407408 0.40113005972222227 0.8887323231481482 0.27240366805555555 0.9928342333333333 0.2142224902777778 0.9904391703703703 0.11134402222222223 0.7758278055555556 0.2685078388888889 0.7857294685185184 0.6235979625 0.7905714175925926 0.6208918611111112
2 0.7807734685185186 0.6214050888888889 0.7700267962962962 0.2651329916666667 0.721037050925926 0.26769913055555555 0.7172111851851852 0.2789356680555556 0.7269417731481482 0.6266773291666666 0.7807734685185186 0.6214050888888889
2 0.6288585657407407 0.27620625694444445 0.6245557564814815 0.1967262263888889 0.5273072212962963 0.19814150555555554 0.5284010731481482 0.2802420986111111 0.5897237935185186 0.2807086555555556 0.6288585657407407 0.27620625694444445
2 0.7245881944444444 0.6660402027777778 0.7155004259259259 0.20545105 0.7063193842592592 0.1973483027777778 0.6728145444444444 0.19787708750000002 0.6712593203703704 0.2715327833333333 0.6762723462962963 0.27617514305555557 0.6717725481481481 0.2935781680555556 0.6815704981481482 0.29306494027777774 0.6825762101851852 0.26603504305555553 0.6882061435185186 0.26206142777777774 0.6935716925925925 0.31696104722222224 0.6896888018518519 0.32574809861111115 0.6709379111111111 0.3279565291666667 0.6772884657407408 0.6709702916666667 0.7245881944444444 0.6660402027777778
0 0.5175915398148149 0 0.15199908796296296 0.01915015416666667 0.17600147685185186 0.06694236944444444 0.22078692314814813 0.1295870263888889 0.5202516555555556 0.1408779361111111 0.5261096888888889 0.14670227222222224 0.5270220944444445 0.18589406944444445 0.5345701444444444 0.19408235416666667 0.6261317212962964 0.1941912013888889 0.6651524435185185 0.18478982777777778 0.7144843416666667 0.19692061249999998 0.7200779916666666 0.2616181819444445 0.7544848638888889 0.2647208583333333 0.7958695342592592 0.2515169472222222 0.9888061787037038 0.11142955972222221 0.9882203333333333 0 0.5175915398148149 0