1 1 0.3483160444444445 0.9409103370370371 0.3647250791666667 0.9313075324074074 0.5012440680555555 0.916781575 0.7502927430555556 0.9800409916666667 0.7905789208333333 0.9849243 0.7912197722222222 1 0.5243259138888889 1 0.3483160444444445
1 0.859748412037037 0.7157443388888889 0.875260549074074 0.3794829166666667 0.8226329138888888 0.39594969027777777 0.817709761111111 0.5084793777777777 0.8239360157407408 0.5142171513888889 0.8217998453703703 0.5508419583333333 0.8130913537037037 0.5595404861111111 0.8058283749999999 0.6840648236111111 0.8513247435185185 0.7195595625000001 0.859748412037037 0.7157443388888889
1 0.6101300916666668 0.69282755 0.6307491148148148 0.3252518638888889 0.5450776194444444 0.3176994513888889 0.5387303527777778 0.4546456736111111 0.5497587462962963 0.4905377625 0.5411926675925925 0.49679463749999997 0.5366554268518519 0.5183422861111111 0.5285379805555556 0.6575165458333334 0.5222305601851852 0.6812922305555555 0.5367380712962962 0.6856564375 0.6101300916666668 0.69282755
1 0.09786207592592593 0.7719914763888889 0.182322337037037 0.7018841388888889 0.20302547870370372 0.6984502194444444 0.21380742037037037 0.4292274638888889 0.23441721944444444 0.18835821805555555 0.16746433055555557 0.08484859444444445 0.1588982509259259 0.09110546944444445 0.1513290509259259 0.08027077083333334 0.14712717777777778 0.053885747222222224 0.13718752962962963 0.041509795833333335 0.13113430925925926 0.04686626944444444 0.10531653518518518 0.4051485083333333 0.08438206759259259 0.7640715986111111 0.08741402685185186 0.7964539472222222 0.09786207592592593 0.7719914763888889
2 0.5169812629629629 0.7150481486111111 0.5507128287037037 0.19296149722222222 0.5475078351851852 0.1494848986111111 0.2501651111111111 0.08709046527777778 0.23346166203703705 0.28910686944444447 0.21336173981481482 0.6899653055555556 0.5169812629629629 0.7150481486111111
2 0.02725296851851852 0 0 0.46725429444444444 0 0.8651114125 0.07899035833333333 0.8002691694444445 0.12887565092592593 0.029347459722222222 0.13938494444444444 0.03195679722222222 0.2327588287037037 0.17460869722222222 0.24355294444444442 0.17233472777777778 0.2473368064814815 0.07933827222222223 0.2078431388888889 0 0.02725296851851852 0
2 0.8828220027777778 0.7138516694444444 0.8948963444444444 0.49277520416666665 0.8807042787037037 0.4970635944444444 0.8674600240740741 0.7241373861111111 0.8753140462962963 0.7300887777777777 0.8828220027777778 0.7138516694444444
2 1 0.21339014722222222 0.7925796916666668 0.3206557763888889 0.7735578166666667 0.6749091763888889 0.7785835342592593 0.6731083736111111 0.7990708453703704 0.3780955138888889 0.8853931537037038 0.34636785138888887 0.882555625925926 0.46532209583333334 0.8844988407407407 0.47418830972222226 0.8944078657407408 0.47302835833333334 0.9043261157407407 0.34516196527777776 1 0.31088034444444446 1 0.21339014722222222
2 0.7688169194444444 0.6718266708333333 0.7870961166666667 0.3162456375 0.7382630435185185 0.3098371263888889 0.7335527694444445 0.320290525 0.7149581277777778 0.6672189638888889 0.7688169194444444 0.6718266708333333
2 0.6460804712962963 0.30143024444444444 0.648267187037037 0.22175607500000002 0.5516285416666666 0.20538338194444444 0.5460438768518519 0.28707197083333336 0.606871600925926 0.2987450902777778 0.6460804712962963 0.30143024444444444
2 0.7094240083333333 0.7058581875 0.7378251101851853 0.24704091527777777 0.7293708194444445 0.23732023333333332 0.6960727583333334 0.23172025833333332 0.6885448796296296 0.30454263472222226 0.6931433648148148 0.3100667916666667 0.6872631777777778 0.3265175166666667 0.6970297925925927 0.32779921805555556 0.7002240861111112 0.30115464583333335 0.7061348953703703 0.298239825 0.7070000629629629 0.353711075 0.7024322 0.3617228208333333 0.6836416490740741 0.3604870513888889 0.6620762925925926 0.7021049486111111 0.7094240083333333 0.7058581875
0 0.20939055648148147 0 0.21360081203703704 0.010942084722222222 0.2529627925925926 0.08130675694444443 0.5492780157407406 0.1472568611111111 0.5546191796296296 0.15410865555555556 0.5523405981481481 0.1931751138888889 0.5591671194444444 0.20268217916666667 0.6500373666666667 0.21952803888888892 0.6895310601851852 0.21732988611111112 0.7375096648148148 0.23838831944444444 0.737805187037037 0.3036261833333333 0.7717035157407407 0.3129954486111111 0.8138524787037037 0.30745524027777776 1 0.2122403847222222 1 0.06493675 0.5051797 0 0.20939055648148147 0