3 0.9917916 0.3632455958333333 0.9540821268518519 0.09713191111111112 0.8374076583333333 0.13433179722222224 0.829856325 0.15177384444444444 0.8651877240740741 0.4011055861111111 0.9917916 0.3632455958333333
3 0.5261745537037037 0.5668267416666667 0.5849712027777778 0.5455745861111111 0.5454627601851852 0.2549771069444444 0.5272022259259259 0.2557877277777778 0.4811918194444445 0.2729631847222222 0.5261745537037037 0.5668267416666667
3 0.603571462037037 0.5471613847222222 0.6652249481481481 0.5224926319444445 0.6199024888888889 0.22623165416666666 0.561105838888889 0.24748381111111112 0.603571462037037 0.5471613847222222
3 0.40171786944444443 0.31333666944444444 0.43864754814814816 0.5621588236111111 0.45105537500000004 0.5907773541666667 0.5047174583333334 0.5686565388888889 0.46714702129629626 0.2799468930555556 0.4408950842592593 0.2833054513888889 0.40733119629629627 0.29400678888888887 0.40171786944444443 0.31333666944444444
3 0.3673656898148148 0.6249777527777778 0.4290191740740741 0.6003089986111111 0.38335699074074076 0.3016506013888889 0.320105225 0.32682894166666665 0.3673656898148148 0.6249777527777778
3 0.08158302962962963 0.4354527055555556 0.09844597314814815 0.4601450527777778 0.13782387685185185 0.45510721527777775 0.14561458981481482 0.4275658972222222 0.13532249629629628 0.3431465888888889 0.12301501388888889 0.32702474861111114 0.08377614444444444 0.3094666263888889 0.06847279166666667 0.3193573416666667 0.08158302962962963 0.4354527055555556
2 0 0.578828175 0.05407127314814814 0.9604061833333333 0.17599638148148147 0.8187970027777779 0.21037875555555555 0.7902945472222223 0.2265005962962963 0.7626027124999999 0.1498847462962963 0.2808716916666667 0 0.19255110555555557 0 0.578828175
2 0.2955286259259259 0.30918982638888887 0.2663564018518519 0.2982362416666667 0.30918683611111114 0.6034354097222222 0.32984840740740745 0.702088725 0.35004694722222224 0.7031659375 0.7189099925925926 0.5830538097222222 0.6632337870370371 0.15478418194444443 0.5861766027777778 0.17684695972222222 0.2652619685185185 0.28167146388888886 0.2669306712962963 0.294920975 0.2955286259259259 0.30918982638888887
2 0.624118225 0.23240474166666666 0.39614323333333334 0.2975739013888889 0.3928463277777777 0.2860963861111111 0.3673741861111111 0.306746475 0.31748776944444446 0.3201462666666667 0.31637406296296294 0.31959058749999997 0.3613122925925926 0.6294135236111111 0.3674660342592593 0.6374744430555556 0.660190725925926 0.5341206652777777 0.6652249481481481 0.5224926319444445 0.624118225 0.23240474166666666
2 0.7519951203703703 0.5925510111111111 0.7594074166666667 0.5977049236111112 0.8006229824074074 0.5820582291666667 0.8027000231481481 0.5613501013888889 0.740329662037037 0.09762875138888888 0.6863278537037036 0.11735214722222222 0.7519951203703703 0.5925510111111111
2 0.8069165722222221 0 0.7558723962962962 0.07763876666666666 0.7477419592592592 0.10278266388888889 0.8086143842592592 0.5795102916666667 0.8463553166666667 0.6100746916666667 0.8504707074074075 0.6037510875 0.8451741435185186 0.5427963986111111 0.7905171129629629 0.12171903194444444 0.8855415435185185 0 0.8069165722222221 0
2 0.22809887685185185 0.7620931249999999 0.23391289166666668 0.7677566236111111 0.29464754722222225 0.7483922986111111 0.30161977407407403 0.7386521013888889 0.23469395185185185 0.26636024444444445 0.23013849166666667 0.2577897361111111 0.1738589527777778 0.2732278791666667 0.1534210324074074 0.2822499361111111 0.22809887685185185 0.7620931249999999
0 0.46889477592592593 0 0 0.14949999166666667 0 0.1893248236111111 0.15320099814814814 0.2748028805555555 0.2369910287037037 0.2530991736111111 0.2528347962962963 0.2705992583333333 0.2682384944444444 0.2732052319444444 0.4673942657407407 0.21096030277777775 0.6630137518518519 0.14733712499999999 0.6781164175925926 0.11245302916666668 0.7388510722222222 0.09308870555555554 0.8011158185185185 0 0.46889477592592593 0