3 1 0.42681658055555555 0.9101255879629631 0.3932042694444445 0.8982411009259259 0.4039156486111111 0.8571301907407407 0.6512459319444445 0.9819854851851851 0.7004668277777778 1 0.5920884180555556 1 0.42681658055555555
3 0.503995588888889 0.5772747319444445 0.5630525555555556 0.5968355527777778 0.6124689694444445 0.3096692263888889 0.5958196083333334 0.2983904708333333 0.5494462453703703 0.2835732166666667 0.503995588888889 0.5772747319444445
3 0.5793066203703704 0.6104924833333334 0.6419297861111112 0.6288610180555556 0.6877757388888889 0.33278132777777775 0.6287187712962963 0.3132205083333333 0.5793066203703704 0.6104924833333334
3 0.46621648518518516 0.2676020347222222 0.426691025 0.5155252638888889 0.4294794138888889 0.5494062777777777 0.48417532592592594 0.5648100847222222 0.5347818935185185 0.28061488055555556 0.5102052787037037 0.26637139583333336 0.4769108175925926 0.25391953333333334 0.46621648518518516 0.2676020347222222
3 0.34426464444444443 0.5251146777777778 0.40688780925925927 0.5434832125 0.4531290601851852 0.24502534583333332 0.38892044444444446 0.22606386527777778 0.34426464444444443 0.5251146777777778
3 0.14279309999999998 0.16685238472222222 0.15073313703703703 0.2001340611111111 0.18759805833333335 0.2214992888888889 0.20264918425925926 0.2018681513888889 0.21807003703703703 0.11922494444444444 0.21171971203703702 0.0966418638888889 0.18158336574074074 0.055058944444444445 0.16493826666666667 0.053885838888888885 0.14279309999999998 0.16685238472222222
2 0.06780251944444445 0 0 0.4079115791666667 0 0.6095570402777778 0.11561987129629629 0.5734820916666666 0.1548523138888889 0.5704726152777777 0.1774353962962963 0.5561843833333333 0.2493581796296296 0.07282814305555554 0.20478533703703702 0 0.06780251944444445 0
2 0.3719861296296296 0.1940494263888889 0.34896746481481483 0.16502201805555555 0.2982695314814815 0.4674966527777778 0.28800885092592593 0.5697518194444444 0.30584836574074076 0.5840016972222222 0.6724827351851852 0.7185940055555556 0.7476019916666667 0.2970575513888889 0.6718956638888889 0.2662179763888889 0.35282480833333335 0.14941404166666666 0.3504524925925926 0.1624198888888889 0.3719861296296296 0.1940494263888889
2 0.6897607481481481 0.3411017472222222 0.46581266388888887 0.2497689125 0.4662036990740741 0.23728508888888886 0.43727455462962966 0.2390958875 0.3885208851851852 0.21833639166666666 0.38768228796296295 0.217104625 0.33752754444444444 0.5251210694444445 0.34070270740740743 0.5364126111111112 0.6340067944444445 0.6360019388888889 0.6419297861111112 0.6288610180555556 0.6897607481481481 0.3411017472222222
2 0.6994439185185186 0.7488853833333334 0.7045998287037036 0.7583916944444444 0.7462168398148148 0.7714301097222221 0.7541355685185185 0.7541835402777778 0.8335988324074074 0.29638150138888886 0.7792982175925925 0.27859951944444444 0.6994439185185186 0.7488853833333334
2 1 0.21120794166666665 0.8534105722222222 0.2886348513888889 0.8387547435185185 0.3058878138888889 0.7541440925925926 0.7743948388888889 0.779133050925926 0.8266827444444445 0.7846799962962963 0.8237052291666667 0.7977333277777778 0.7654367263888889 0.8716666925925927 0.35103479722222225 0.997669524074074 0.3021703263888889 1 0.30169138611111107 1 0.21120794166666665
2 0.1790208462962963 0.5567773291666667 0.18259130555555556 0.5656906930555555 0.24283842685185184 0.5882226347222222 0.25195157037037036 0.5840528374999999 0.32982512222222227 0.11555220416666666 0.32823541018518515 0.10485360833333333 0.2731399388888889 0.08172233055555556 0.25213378425925925 0.07639220972222223 0.1790208462962963 0.5567773291666667
0 0.20996067129629628 0 0.2541124009259259 0.06955415555555555 0.3357652342592593 0.10514369027777778 0.3448911638888889 0.1312908375 0.3579743268518519 0.14376187777777777 0.5551652694444444 0.21877272083333332 0.7495806092592593 0.29021949583333334 0.7733495824074074 0.2687967375 0.8335967018518519 0.29132867916666666 1 0.2058442861111111 1 0.17295219444444446 0.5375510907407407 0 0.20996067129629628 0