2 0.614257812962963 0.5924479166666666 0.615234375 0.62890625 0.642578125 0.63671875 0.650390625 0.63671875 0.655273437037037 0.5729166666666666 0.66015625 0.49609375 0.655273437037037 0.47265625 0.65625 0.4466145833333333 0.659179687037037 0.4348958333333333 0.65625 0.42578125 0.651367187037037 0.30859375 0.646484375 0.16666666666666666 0.642578125 0.16145833333333334 0.6328125 0.16536458333333334 0.629882812962963 0.15885416666666666 0.631835937037037 0.15625 0.640625 0.15625 0.651367187037037 0.14322916666666666 0.735351562962963 0.109375 0.776367187037037 0.09635416666666667 0.77734375 0.09765625 0.829101562962963 0.07682291666666667 0.830078125 0.07161458333333333 0.9990234370370371 0 0.903320312962963 0.0026041666666666665 0.612304687037037 0.13151041666666666 0.609375 0.5794270833333334 0.62109375 0.5859375 0.620117187037037 0.5924479166666666 0.614257812962963 0.5924479166666666
2 0.24511718703703703 0 0.000976562962962963 0.0026041666666666665 0 0.7955729166666666 0.009765625 0.7981770833333334 0.020507812962962963 0.7786458333333334 0.018554687037037037 0.6510416666666666 0.009765625 0.63671875 0.012695312962962963 0.6302083333333334 0.080078125 0.6184895833333334 0.09277343703703704 0.6171875 0.091796875 0.5520833333333334 0.07519531296296296 0.5494791666666666 0.08203125 0.5 0.11621093703703704 0.5013020833333334 0.12207031296296296 0.5481770833333334 0.10253906296296296 0.5520833333333334 0.1015625 0.5911458333333334 0.13183593703703703 0.5911458333333334 0.13183593703703703 0.6171875 0.15136718703703703 0.6158854166666666 0.158203125 0.6236979166666666 0.15625 0.60546875 0.14941406296296297 0.5911458333333334 0.20410156296296297 0.5833333333333334 0.18457031296296297 0.515625 0.181640625 0.4869791666666667 0.20410156296296297 0.4973958333333333 0.23730468703703703 0.4986979166666667 0.283203125 0.4947916666666667 0.32519531296296295 0.4778645833333333 0.326171875 0.4869791666666667 0.322265625 0.515625 0.32519531296296295 0.53125 0.39453125 0.53125 0.390625 0.4830729166666667 0.38964843703703705 0.4700520833333333 0.3984375 0.4778645833333333 0.41503906296296295 0.484375 0.45019531296296295 0.4895833333333333 0.482421875 0.4817708333333333 0.482421875 0.5078125 0.485351562962963 0.5299479166666666 0.510742187037037 0.5182291666666666 0.514648437037037 0.5377604166666666 0.521484375 0.58203125 0.545898437037037 0.5807291666666666 0.545898437037037 0.5625 0.564453125 0.5625 0.56640625 0.5755208333333334 0.571289062962963 0.5755208333333334 0.571289062962963 0.5299479166666666 0.561523437037037 0.5286458333333334 0.564453125 0.4973958333333333 0.5859375 0.4973958333333333 0.590820312962963 0.5299479166666666 0.577148437037037 0.53125 0.577148437037037 0.578125 0.587890625 0.5768229166666666 0.609375 0.5807291666666666 0.61328125 0.13151041666666666 0.26660156296296295 0 0.24511718703703703 0
2 0.24511718703703703 0 0.2421875 0.16145833333333334 0.23828125 0.4270833333333333 0.46875 0.4427083333333333 0.47167968703703705 0.22135416666666666 0.24316406296296297 0.16145833333333334 0.24511718703703703 0
0 0.557617187037037 0.07942708333333333 0.548828125 0.09114583333333333 0.5390625 0.09375 0.528320312962963 0.08463541666666667 0.525390625 0.06640625 0.524414062962963 0.052083333333333336 0.513671875 0.045572916666666664 0.515625 0.04296875 0.521484375 0.040364583333333336 0.520507812962963 0.00390625 0.524414062962963 0 0.26660156296296295 0.0013020833333333333 0.564453125 0.11328125 0.560546875 0.1015625 0.560546875 0.08072916666666667 0.557617187037037 0.07942708333333333
0 0.678710937037037 0 0.6796875 0.0078125 0.688476562962963 0.014322916666666666 0.674804687037037 0.0234375 0.67578125 0.05078125 0.6796875 0.053385416666666664 0.669921875 0.06770833333333333 0.665039062962963 0.09765625 0.651367187037037 0.09895833333333333 0.6171875 0.040364583333333336 0.614257812962963 0.040364583333333336 0.612304687037037 0.05078125 0.620117187037037 0.05859375 0.60546875 0.078125 0.59765625 0.07161458333333333 0.590820312962963 0.06510416666666667 0.58203125 0.09505208333333333 0.573242187037037 0.11458333333333333 0.612304687037037 0.13151041666666666 0.8984375 0 0.678710937037037 0
0 0.659179687037037 0.01953125 0.666015625 0 0.618164062962963 0.0013020833333333333 0.647460937037037 0.053385416666666664 0.65625 0.055989583333333336 0.663085937037037 0.046875 0.659179687037037 0.01953125
0 0.537109375 0.049479166666666664 0.530273437037037 0.053385416666666664 0.532226562962963 0.07421875 0.543945312962963 0.08072916666666667 0.557617187037037 0.06901041666666667 0.557617187037037 0.045572916666666664 0.559570312962963 0.022135416666666668 0.55859375 0.016927083333333332 0.56640625 0.006510416666666667 0.572265625 0.0013020833333333333 0.536132812962963 0 0.5390625 0.0234375 0.533203125 0.029947916666666668 0.538085937037037 0.040364583333333336 0.537109375 0.049479166666666664
0 0.609375 0.05078125 0.609375 0.0390625 0.612304687037037 0.029947916666666668 0.620117187037037 0.02734375 0.614257812962963 0.0013020833333333333 0.604492187037037 0 0.60546875 0.05078125 0.609375 0.05078125
0 0.588867187037037 0 0.588867187037037 0.006510416666666667 0.590820312962963 0.0078125 0.590820312962963 0.013020833333333334 0.578125 0.020833333333333332 0.579101562962963 0.04296875 0.584960937037037 0.032552083333333336 0.591796875 0.029947916666666668 0.598632812962963 0 0.588867187037037 0
0 0.56640625 0.05078125 0.5625 0.057291666666666664 0.563476562962963 0.06510416666666667 0.576171875 0.046875 0.575195312962963 0.020833333333333332 0.563476562962963 0.013020833333333334 0.559570312962963 0.018229166666666668 0.561523437037037 0.0234375 0.56640625 0.032552083333333336 0.5703125 0.041666666666666664 0.56640625 0.05078125
0 0.580078125 0.046875 0.583984375 0.061197916666666664 0.591796875 0.040364583333333336 0.587890625 0.040364583333333336 0.580078125 0.046875
0 0.658203125 0.08984375 0.662109375 0.08463541666666667 0.665039062962963 0.07161458333333333 0.658203125 0.07552083333333333 0.649414062962963 0.07161458333333333 0.639648437037037 0.055989583333333336 0.629882812962963 0.045572916666666664 0.63671875 0.061197916666666664 0.643554687037037 0.07552083333333333 0.650390625 0.08723958333333333 0.658203125 0.08984375